7154 6218
6218 4462
4462 4245
4245 206
206 2317
2317 1837
1837 1714
1714 5730
5730 7396
7396 7289
7289 5020
5020 7535
7535 5314
5314 5960
5960 5667
5667 7329
7329 6409
6409 7246
7246 1891
1891 3484
3484 463
463 5986
5986 4985
4985 6736
6736 6155
6155 1157
1157 6689
6689 5485
5485 6282
6282 4359
4359 5492
5492 6529
6529 4954
4954 4838
4838 3001
3001 3361
3361 3169
3169 3666
3666 4
4 2673
2673 2599
2599 4395
4395 8088
8088 8166
8166 5914
5914 7127
7127 7134
7134 7062
7062 6562
6562 6377
6377 7294
7294 8158
8158 8063
8063 2430
2430 2283
2283 3238
3238 3268
3268 2758
2758 758
758 399
399 3292
3292 4023
4023 5604
5604 5687
5687 5537
5537 6329
6329 5260
5260 5248
5248 7671
7671 486
486 174
174 2302
2302 2916
2916 2614
2614 4513
4513 1829
1829 7210
7210 5633
5633 5965
5965 5978
5978 7078
7078 7625
7625 6833
6833 7633
7633 5573
5573 5525
5525 6614
6614 4816
4816 6739
6739 858
858 3565
3565 2503
2503 2467
2467 4224
4224 4041
4041 4526
4526 4459
4459 5315
5315 6355
6355 7870
7870 1923
1923 7383
7383 3885
3885 1766
1766 4888
4888 4830
4830 4337
4337 2571
2571 968
968 412
412 3418
3418 2464
2464 400
400 3467
3467 971
971 1948
1948 7359
7359 7656
7656 7433
7433 1452
1452 1190
1190 1041
1041 1938
1938 1945
1945 8184
8184 8183
8183 4411
4411 4311
4311 4836
4836 4763
4763 6082
6082 6476
6476 4723
4723 4857
4857 4120
4120 496
496 1996
1996 349
349 856
856 6124
6124 1695
1695 5195
5195 5445
5445 6829
6829 3958
3958 6835
6835 4881
4881 3976
3976 1017
1017 8181
8181 5006
5006 5069
5069 5570
5570 5861
5861 6442
6442 115
115 2984
2984 155
155 1976
1976 1971
1971 744
744 517
517 7440
7440 7244
7244 7228
7228 6448
6448 5254
5254 5157
5157 1900
1900 5833
5833 5013
5013 6955
6955 81
81 4199
4199 2999
2999 137
137 274
274 3230
3230 3269
3269 471
471 1981
1981 482
482 4932
4932 4734
4734 6781
6781 4096
4096 3595
3595 3099
3099 2047
2047 7230
7230 7278
7278 6535
6535 1523
1523 3977
3977 1454
1454 6967
6967 7525
7525 7657
7657 5165
5165 5143
5143 7178
7178 8216
8216 2949
2949 86
86 4080
4080 4231
4231 342
342 725
725 1008
1008 4490
4490 7585
7585 5147
5147 6498
6498 5727
5727 6363
6363 5519
5519 7489
7489 7760
7760 7818
7818 1865
1865 7567
7567 6499
6499 5998
5998 5365
5365 1194
1194 2585
2585 3170
3170 2926
2926 3157
3157 6533
6533 5512
5512 5061
5061 7313
7313 5334
5334 7191
7191 8034
8034 5704
5704 6917
6917 1784
1784 3454
3454 2782
2782 1063
1063 4969
4969 6171
6171 1571
1571 1520
1520 1378
1378 7168
7168 5401
5401 5415
5415 469
469 3547
3547 5814
5814 5124
5124 3823
3823 7021
7021 5601
5601 7516
7516 5133
5133 6297
6297 1094
1094 5899
5899 7937
7937 859
859 2891
2891 3139
3139 4241
4241 7452
7452 7461
7461 4198
4198 102
102 3016
3016 8151
8151 4958
4958 5984
5984 4806
4806 6006
6006 5631
5631 6465
6465 5505
5505 4362
4362 3902
3902 2930
2930 4064
4064 2579
2579 6276
6276 5999
5999 5091
5091 5084
5084 5765
5765 1342
1342 3372
3372 3074
3074 2300
2300 3365
3365 3108
3108 7453
7453 7363
7363 5679
5679 5847
5847 5812
5812 5066
5066 7288
7288 2682
2682 960
960 2940
2940 286
286 2301
2301 3152
3152 5550
5550 7680
7680 6563
6563 4726
4726 6710
6710 5054
5054 5339
5339 5375
5375 1075
1075 8093
8093 1058
1058 4446
4446 5058
5058 7053
7053 7807
7807 3506
3506 333
333 3328
3328 4204
4204 3373
3373 3374
3374 7755
7755 7426
7426 6693
6693 6325
6325 2553
2553 898
898 2861
2861 4205
4205 3270
3270 3393
3393 3785
3785 2022
2022 601
601 3050
3050 3580
3580 3082
3082 390
390 2520
2520 2754
2754 8155
8155 6242
6242 4936
4936 6026
6026 3978
3978 3933
3933 1171
1171 5312
5312 1173
1173 7297
7297 7411
7411 8040
8040 7956
7956 7885
7885 999
999 833
833 7938
7938 1932
1932 1010
1010 2733
2733 808
808 3321
3321 590
590 6386
6386 5456
5456 7281
7281 7266
7266 6402
6402 5042
5042 5773
5773 1868
1868 1849
1849 7342
7342 5708
5708 7862
7862 8212
8212 624
624 385
385 7861
7861 8100
8100 2704
2704 2715
2715 1052
1052 5454
5454 6322
6322 5508
5508 5560
5560 1170
1170 8058
8058 781
781 3576
3576 4400
4400 5869
5869 1925
1925 1973
1973 8215
8215 7141
7141 5756
5756 3502
3502 2331
2331 7931
7931 1099
1099 2801
2801 3608
3608 3601
3601 2575
2575 8133
8133 2672
2672 2703
2703 2456
2456 604
604 1253
1253 4033
4033 4595
4595 4589
4589 6083
6083 5015
5015 6456
6456 5979
5979 7064
7064 5553
5553 1952
1952 7929
7929 897
897 814
814 747
747 8230
8230 1930
1930 2615
2615 4899
4899 4832
4832 1201
1201 4455
4455 6208
6208 6018
6018 5045
5045 4991
4991 5546
5546 1580
1580 6787
6787 1446
1446 3115
3115 290
290 3407
3407 2128
2128 2185
2185 2112
2112 3049
3049 2121
2121 1466
1466 6134
6134 6284
6284 4797
4797 4008
4008 4304
4304 3235
3235 9
9 4273
4273 914
914 2024
2024 2048
2048 652
652 7216
7216 5954
5954 5700
5700 5805
5805 5031
5031 6804
6804 4759
4759 4924
4924 4766
4766 5975
5975 4977
4977 3960
3960 1156
1156 6396
6396 2725
2725 8086
8086 8110
8110 8004
8004 8223
8223 3195
3195 2939
2939 296
296 2051
2051 7825
7825 7819
7819 1670
1670 5321
5321 1888
1888 5412
5412 5564
5564 6869
6869 629
629 622
622 1461
1461 6500
6500 6623
6623 1130
1130 6266
6266 6488
6488 5140
5140 7051
7051 1595
1595 2220
2220 3287
3287 2277
2277 1386
1386 7040
7040 6615
6615 7582
7582 5992
5992 5067
5067 6211
6211 6243
6243 4976
4976 2501
2501 2912
2912 2908
2908 4568
4568 4324
4324 4925
4925 4730
4730 6524
6524 6000
6000 6060
6060 6634
6634 6672
6672 7328
7328 5053
5053 6441
6441 7486
7486 7640
7640 1872
1872 6797
6797 4579
4579 1458
1458 6794
6794 3821
3821 5827
5827 865
865 708
708 3557
3557 736
736 3575
3575 3486
3486 8246
8246 2390
2390 3481
3481 3264
3264 2013
2013 2087
2087 7768
7768 6157
6157 2717
2717 138
138 2959
2959 418
418 2543
2543 2610
2610 4003
4003 3773
3773 3832
3832 1532
1532 525
525 7732
7732 6930
6930 6914
6914 7667
7667 5772
5772 6961
6961 5331
5331 5305
5305 7686
7686 4727
4727 6545
6545 5019
5019 7361
7361 6678
6678 1629
1629 5186
5186 6642
6642 7595
7595 5296
5296 7846
7846 368
368 1027
1027 8267
8267 7179
7179 7500
7500 6929
6929 1828
1828 1366
1366 1634
1634 6785
6785 2169
2169 2720
2720 1154
1154 6437
6437 4997
4997 4869
4869 1603
1603 6819
6819 6775
6775 2574
2574 2707
2707 8180
8180 1963
1963 7979
7979 1112
1112 1160
1160 5177
5177 512
512 514
514 2018
2018 3126
3126 3918
3918 4049
4049 3856
3856 1387
1387 1262
1262 4861
4861 6945
6945 3825
3825 1644
1644 3617
3617 4306
4306 8107
8107 8062
8062 5906
5906 5963
5963 2059
2059 930
930 475
475 1000
1000 1114
1114 5900
5900 7339
7339 5663
5663 5825
5825 7257
7257 8010
8010 8211
8211 8255
8255 3487
3487 467
467 4066
4066 6086
6086 5568
5568 1879
1879 5107
5107 7529
7529 5213
5213 5144
5144 5676
5676 1115
1115 4751
4751 6383
6383 6345
6345 5212
5212 1613
1613 6861
6861 2316
2316 2262
2262 688
688 1907
1907 7944
7944 3518
3518 2209
2209 262
262 2286
2286 2992
2992 2700
2700 3574
3574 8209
8209 1083
1083 8280
8280 751
751 8104
8104 6196
6196 6628
6628 6286
6286 4380
4380 116
116 2656
2656 119
119 2716
2716 6516
6516 339
339 3443
3443 3497
3497 790
790 792
792 8179
8179 2737
2737 8264
8264 8283
8283 4141
4141 4229
4229 2418
2418 2410
2410 782
782 765
765 8286
8286 3480
3480 3944
3944 6811
6811 2923
2923 3461
3461 849
849 727
727 2917
2917 595
595 1835
1835 1509
1509 6695
6695 1747
1747 6952
6952 3789
3789 1809
1809 7548
7548 7098
7098 7017
7017 4867
4867 4020
4020 3992
3992 1251
1251 7454
7454 1986
1986 3307
3307 4278
4278 4942
4942 5131
5131 7184
7184 5858
5858 6344
6344 7304
7304 1009
1009 2774
2774 3220
3220 2872
2872 7414
7414 1874
1874 1871
1871 7777
7777 5798
5798 5378
5378 7358
7358 5779
5779 5804
5804 7948
7948 2811
2811 919
919 2426
2426 2451
2451 8149
8149 6433
6433 7095
7095 3880
3880 1758
1758 6578
6578 6556
6556 6477
6477 6547
6547 5377
5377 7645
7645 1819
1819 1820
1820 1354
1354 1375
1375 7237
7237 7804
7804 1790
1790 6879
6879 7632
7632 5252
5252 5792
5792 724
724 3329
3329 2278
2278 2449
2449 988
988 194
194 191
191 252
252 3592
3592 2921
2921 3310
3310 2360
2360 5737
5737 1847
1847 4971
4971 6526
6526 6528
6528 5495
5495 6549
6549 5356
5356 6640
6640 7539
7539 5206
5206 3712
3712 2846
2846 3175
3175 2148
2148 4543
4543 1197
1197 6088
6088 5729
5729 7155
7155 1086
1086 3205
3205 4191
4191 4901
4901 6041
6041 4959
4959 6244
6244 1169
1169 533
533 651
651 3871
3871 6786
6786 3646
3646 3320
3320 401
401 2475
2475 933
933 2126
2126 3757
3757 1225
1225 7334
7334 7253
7253 7148
7148 7857
7857 1327
1327 1239
1239 1810
1810 1264
1264 4368
4368 4415
4415 1223
1223 4391
4391 6152
6152 1967
1967 8165
8165 2266
2266 2362
2362 210
210 2255
2255 4675
4675 2928
2928 151
151 288
288 7045
7045 6637
6637 8094
8094 1151
1151 8001
8001 1080
1080 3548
3548 2804
2804 4249
4249 2906
2906 4221
4221 3410
3410 3114
3114 2437
2437 987
987 3770
3770 634
634 46
46 117
117 1217
1217 3841
3841 1374
1374 222
222 2248
2248 3777
3777 1793
1793 5775
5775 6679
6679 6691
6691 7621
7621 1530
1530 4105
4105 2088
2088 7318
7318 5666
5666 1826
1826 540
540 617
617 4235
4235 2271
2271 2415
2415 2355
2355 2230
2230 3247
3247 4588
4588 6028
6028 1120
1120 5453
5453 4937
4937 2596
2596 1215
1215 4912
4912 7723
7723 6421
6421 6202
6202 6181
6181 1003
1003 5909
5909 6815
6815 1475
1475 6423
6423 5235
5235 1889
1889 5711
5711 6459
6459 5995
5995 6175
6175 4487
4487 6176
6176 6287
6287 5487
5487 5448
5448 5313
5313 7664
7664 7349
7349 5766
5766 1444
1444 1436
1436 3714
3714 106
106 2576
2576 3458
3458 3503
3503 2083
2083 1263
1263 642
642 91
91 2870
2870 3433
3433 2770
2770 953
953 1940
1940 8075
8075 1916
1916 1919
1919 5782
5782 3051
3051 2085
2085 599
599 589
589 3590
3590 1517
1517 2175
2175 2192
2192 6606
6606 6748
6748 6374
6374 1007
1007 8275
8275 6416
6416 4511
4511 4329
4329 3924
3924 3716
3716 3760
3760 3763
3763 7995
7995 7913
7913 7195
7195 3783
3783 3861
3861 1536
1536 1800
1800 1708
1708 5764
5764 6925
6925 5490
5490 5481
5481 6186
6186 1126
1126 6191
6191 6169
6169 7277
7277 6350
6350 6190
6190 1118
1118 6507
6507 5591
5591 7628
7628 1568
1568 3853
3853 6657
6657 5590
5590 7649
7649 1691
1691 5266
5266 5285
5285 5694
5694 5695
5695 5809
5809 5877
5877 478
478 139
139 4247
4247 2779
2779 789
789 834
834 773
773 3448
3448 3027
3027 4163
4163 598
598 3862
3862 5751
5751 7143
7143 7369
7369 1359
1359 256
256 2806
2806 3553
3553 723
723 8214
8214 558
558 3226
3226 3245
3245 2832
2832 2627
2627 2583
2583 850
850 1035
1035 7893
7893 777
777 3536
3536 1982
1982 303
303 1379
1379 7530
7530 7581
7581 5417
5417 2654
2654 4131
4131 2171
2171 4473
4473 4909
4909 6142
6142 6065
6065 6850
6850 5964
5964 5794
5794 5763
5763 3619
3619 2927
2927 3464
3464 7772
7772 6420
6420 5328
5328 5367
5367 5449
5449 6189
6189 807
807 3457
3457 2796
2796 3542
3542 355
355 2810
2810 2808
2808 1274
1274 1281
1281 539
539 2149
2149 4159
4159 3015
3015 2626
2626 4067
4067 1258
1258 1405
1405 6729
6729 4709
4709 1529
1529 1711
1711 7554
7554 5758
5758 2075
2075 241
241 3708
3708 3102
3102 3658
3658 2159
2159 542
542 506
506 1651
1651 6911
6911 1615
1615 6966
6966 6790
6790 1388
1388 7451
7451 7217
7217 7390
7390 7642
7642 6923
6923 7839
7839 5931
5931 5316
5316 5787
5787 7032
7032 5501
5501 5246
5246 5262
5262 1795
1795 3715
3715 4060
4060 4160
4160 2279
2279 2386
2386 939
939 5898
5898 7690
7690 5993
5993 4831
4831 4035
4035 16
16 78
78 6254
6254 6365
6365 7579
7579 5151
5151 6259
6259 5498
5498 4908
4908 1859
1859 5935
5935 1413
1413 4699
4699 4907
4907 4928
4928 6095
6095 5582
5582 7620
7620 5659
5659 7292
7292 7229
7229 3571
3571 952
952 2757
2757 2878
2878 4584
4584 4565
4565 6255
6255 901
901 8276
8276 946
946 4449
4449 6490
6490 6308
6308 7055
7055 4845
4845 4708
4708 7483
7483 7688
7688 6089
6089 4807
4807 6311
6311 1249
1249 583
583 505
505 584
584 3833
3833 1392
1392 2295
2295 414
414 2429
2429 3431
3431 283
283 4195
4195 925
925 719
719 886
886 2988
2988 3475
3475 2696
2696 8065
8065 6692
6692 7509
7509 5129
5129 6546
6546 8150
8150 4433
4433 2710
2710 3389
3389 3284
3284 2947
2947 4335
4335 4607
4607 3970
3970 6712
6712 4506
4506 6096
6096 4892
4892 2319
2319 492
492 5154
5154 7874
7874 8011
8011 876
876 3626
3626 1394
1394 1294
1294 56
56 3054
3054 255
255 423
423 163
163 2845
2845 3236
3236 1036
1036 4450
4450 1144
1144 4514
4514 7648
7648 7549
7549 1739
1739 1591
1591 1586
1586 4880
4880 1605
1605 1363
1363 5852
5852 5079
5079 7955
7955 5897
5897 1909
1909 1081
1081 7780
7780 1056
1056 4407
4407 7319
7319 1097
1097 1108
1108 8081
8081 8092
8092 810
810 2857
2857 187
187 3136
3136 3720
3720 6765
6765 5543
5543 7542
7542 6324
6324 4955
4955 4488
4488 3020
3020 4276
4276 2966
2966 3323
3323 4287
4287 6118
6118 6612
6612 4701
4701 1474
1474 4875
4875 1282
1282 4553
4553 4039
4039 4778
4778 7302
7302 8087
8087 8055
8055 8070
8070 1805
1805 6907
6907 1195
1195 2645
2645 2644
2644 2875
2875 3178
3178 6209
6209 5337
5337 6652
6652 4795
4795 5967
5967 1482
1482 1285
1285 495
495 2020
2020 523
523 5886
5886 7851
7851 6214
6214 4911
4911 6541
6541 7497
7497 5179
5179 2097
2097 628
628 1870
1870 6798
6798 5982
5982 8000
8000 7971
7971 7982
7982 2739
2739 762
762 6100
6100 6341
6341 6290
6290 7060
7060 1495
1495 6554
6554 5615
5615 4931
4931 4566
4566 6091
6091 7022
7022 5777
5777 1385
1385 235
235 3088
3088 2095
2095 1376
1376 3887
3887 5785
5785 7512
7512 6314
6314 6342
6342 6670
6670 5258
5258 5366
5366 6245
6245 1590
1590 2237
2237 3356
3356 3004
3004 4068
4068 6269
6269 4826
4826 7002
7002 7559
7559 5041
5041 5101
5101 6203
6203 5425
5425 1163
1163 4828
4828 5577
5577 5073
5073 6408
6408 2694
2694 4440
4440 1514
1514 6817
6817 7565
7565 7151
7151 8068
8068 7880
7880 2401
2401 3409
3409 2886
2886 2885
2885 2974
2974 3298
3298 3002
3002 6170
6170 4782
4782 6745
6745 4051
4051 3193
3193 2139
2139 3654
3654 4063
4063 4053
4053 4610
4610 2589
2589 3927
3927 1455
1455 3239
3239 259
259 3081
3081 3630
3630 2127
2127 5724
5724 7518
7518 6782
6782 1608
1608 7532
7532 5813
5813 7157
7157 5872
5872 4760
4760 6727
6727 6572
6572 5027
5027 5029
5029 7039
7039 6659
6659 7593
7593 1098
1098 842
842 821
821 818
818 327
327 8237
8237 5865
5865 5675
5675 5128
5128 6429
6429 5624
5624 5593
5593 7079
7079 5683
5683 5928
5928 2428
2428 3209
3209 3155
3155 6440
6440 7327
7327 7873
7873 689
689 737
737 722
722 5856
5856 1105
1105 7162
7162 5923
5923 5912
5912 5427
5427 7114
7114 6347
6347 5343
5343 1177
1177 5346
5346 5810
5810 1875
1875 1574
1574 4602
4602 1185
1185 6281
6281 8108
8108 8056
8056 7259
7259 201
201 2871
2871 2882
2882 406
406 346
346 1025
1025 4463
4463 4572
4572 1220
1220 6121
6121 1652
1652 2399
2399 2380
2380 7247
7247 7338
7338 1628
1628 3868
3868 1760
1760 654
654 455
455 377
377 234
234 2384
2384 2567
2567 4570
4570 4284
4284 3295
3295 2850
2850 154
154 3006
3006 3427
3427 8279
8279 3488
3488 122
122 2556
2556 2566
2566 1030
1030 7975
7975 7106
7106 7172
7172 5835
5835 5818
5818 5127
5127 5169
5169 7711
7711 6302
6302 4953
4953 4920
4920 5647
5647 6451
6451 7395
7395 1861
1861 5941
5941 2322
2322 554
554 490
490 3047
3047 183
183 2366
2366 2363
2363 2212
2212 2352
2352 3740
3740 1288
1288 6454
6454 5572
5572 5619
5619 6664
6664 7218
7218 7842
7842 1352
1352 7810
7810 7400
7400 1161
1161 6220
6220 1178
1178 8077
8077 6173
6173 4571
4571 2605
2605 2608
2608 712
712 8024
8024 8059
8059 6182
6182 7607
7607 5741
5741 7741
7741 7446
7446 3377
3377 2267
2267 284
284 4819
4819 6224
6224 7290
7290 7924
7924 7920
7920 1913
1913 5680
5680 5104
5104 6370
6370 6221
6221 8028
8028 3535
3535 398
398 3031
3031 2219
2219 6963
6963 5117
5117 5533
5533 7066
7066 3911
3911 6098
6098 4653
4653 4933
4933 6085
6085 6843
6843 4648
4648 6323
6323 5404
5404 6504
6504 6108
6108 2884
2884 2851
2851 3092
3092 2044
2044 1751
1751 6317
6317 5003
5003 5351
5351 1166
1166 5390
5390 5402
5402 1659
1659 1425
1425 2387
2387 397
397 3306
3306 2748
2748 2744
2744 761
761 2681
2681 8084
8084 1956
1956 8085
8085 6414
6414 5386
5386 7634
7634 2489
2489 2785
2785 3444
3444 2397
2397 7214
7214 8159
8159 8064
8064 458
458 1999
1999 794
794 3552
3552 3416
3416 3465
3465 3558
3558 8192
8192 7231
7231 5228
5228 5201
5201 6958
6958 1541
1541 3063
3063 2858
2858 92
92 2821
2821 3397
3397 184
184 1312
1312 6092
6092 4378
4378 2603
2603 4384
4384 1137
1137 4950
4950 6428
6428 5227
5227 1680
1680 1390
1390 1261
1261 630
630 1816
1816 6359
6359 6411
6411 4519
4519 6158
6158 108
108 4219
4219 2270
2270 2086
2086 6982
6982 7042
7042 1878
1878 7528
7528 5005
5005 5646
5646 3345
3345 209
209 3056
3056 1240
1240 7088
7088 6417
6417 6643
6643 7618
7618 4552
4552 4081
4081 23
23 2308
2308 2236
2236 7800
7800 7299
7299 8141
8141 6279
6279 6109
6109 6132
6132 4484
4484 4297
4297 7102
7102 5732
5732 7109
7109 7909
7909 249
249 3509
3509 7843
7843 6666
6666 6399
6399 6235
6235 4328
4328 1462
1462 4108
4108 6701
6701 6226
6226 6684
6684 7283
7283 5385
5385 8248
8248 2377
2377 7890
7890 7120
7120 5815
5815 7826
7826 6453
6453 5626
5626 4006
4006 2257
2257 2343
2343 983
983 2825
2825 3249
3249 30
30 2194
2194 2178
2178 1786
1786 7377
7377 7824
7824 5802
5802 5142
5142 5634
5634 4630
4630 7661
7661 7727
7727 6057
6057 6099
6099 6475
6475 2678
2678 2677
2677 902
902 817
817 1995
1995 7812
7812 7197
7197 5738
5738 7207
7207 7401
7401 5411
5411 5400
5400 5099
5099 6174
6174 22
22 3061
3061 304
304 5961
5961 5122
5122 5232
5232 1734
1734 5549
5549 7303
7303 1763
1763 3578
3578 68
68 2133
2133 4182
4182 4013
4013 72
72 4600
4600 4447
4447 1077
1077 1962
1962 2736
2736 2353
2353 3107
3107 528
528 480
480 388
388 2011
2011 6878
6878 5924
5924 2709
2709 8278
8278 8221
8221 3508
3508 995
995 189
189 3604
3604 2307
2307 684
684 4296
4296 4366
4366 6034
6034 6001
6001 5103
5103 5542
5542 6667
6667 5628
5628 4036
4036 27
27 2620
2620 4732
4732 4485
4485 6823
6823 6759
6759 1548
1548 6805
6805 1653
1653 1848
1848 5139
5139 5698
5698 6690
6690 6165
6165 2711
2711 146
146 2166
2166 3917
3917 6275
6275 4800
4800 6021
6021 6391
6391 5399
5399 5105
5105 5080
5080 6352
6352 5430
5430 6216
6216 5391
5391 6852
6852 1663
1663 3820
3820 1562
1562 6853
6853 4934
4934 5493
5493 8083
8083 8134
8134 1152
1152 7993
7993 5836
5836 7119
7119 6376
6376 5532
5532 1678
1678 7464
7464 5784
5784 7653
7653 7514
7514 1979
1979 484
484 8232
8232 365
365 937
937 7398
7398 6920
6920 4650
4650 4717
4717 5345
5345 6591
6591 1512
1512 4321
4321 875
875 3563
3563 4133
4133 3181
3181 3137
3137 3189
3189 2938
2938 8227
8227 5890
5890 7223
7223 1972
1972 847
847 826
826 6537
6537 1549
1549 1502
1502 1750
1750 560
560 7460
7460 7799
7799 2333
2333 310
310 4228
4228 1660
1660 4563
4563 132
132 2514
2514 6373
6373 7994
7994 4223
4223 3346
3346 707
707 1067
1067 8162
8162 1943
1943 1050
1050 6854
6854 1395
1395 1448
1448 6771
6771 1515
1515 1503
1503 6636
6636 5016
5016 7611
7611 7388
7388 7189
7189 1469
1469 53
53 2140
2140 2932
2932 4377
4377 5616
5616 5977
5977 6575
6575 6588
6588 6703
6703 4711
4711 4671
4671 4721
4721 6123
6123 2604
2604 900
900 2544
2544 4554
4554 4544
4544 3953
3953 4616
4616 4352
4352 6778
6778 4987
4987 1091
1091 3514
3514 632
632 4637
4637 6825
6825 1658
1658 4071
4071 2152
2152 3664
3664 3764
3764 4211
4211 12
12 6708
6708 6564
6564 5241
5241 2035
2035 785
785 3429
3429 2827
2827 702
702 3546
3546 477
477 7731
7731 5044
5044 5276
5276 6492
6492 4949
4949 4882
4882 4059
4059 6926
6926 6913
6913 1579
1579 6749
6749 6530
6530 7623
7623 4644
4644 3792
3792 7820
7820 1287
1287 3172
3172 927
927 8177
8177 1724
1724 5192
5192 7722
7722 5259
5259 5360
5360 7672
7672 7076
7076 1866
1866 7659
7659 3831
3831 1231
1231 2242
2242 931
931 2712
2712 8130
8130 1200
1200 5720
5720 2029
2029 1377
1377 5670
5670 7190
7190 1100
1100 7902
7902 1921
1921 7415
7415 7146
7146 2676
2676 896
896 425
425 3213
3213 75
75 1477
1477 4886
4886 4885
4885 5788
5788 7740
7740 7735
7735 2937
2937 2760
2760 2527
2527 4374
4374 6133
6133 3930
3930 7626
7626 1647
1647 6899
6899 1560
1560 1278
1278 2807
2807 2327
2327 544
544 3870
3870 3874
3874 3860
3860 1437
1437 4137
4137 353
353 740
740 750
750 623
623 451
451 575
575 2210
2210 2351
2351 3395
3395 2291
2291 3086
3086 508
508 248
248 4234
4234 3192
3192 3198
3198 969
969 997
997 7754
7754 457
457 3519
3519 344
344 4282
4282 2157
2157 6048
6048 6653
6653 5242
5242 6296
6296 5526
5526 6551
6551 7059
7059 1616
1616 3643
3643 267
267 181
181 3402
3402 161
161 2586
2586 4541
4541 3920
3920 4325
4325 7957
7957 6249
6249 7317
7317 7806
7806 5734
5734 243
243 2014
2014 7080
7080 7345
7345 6204
6204 1464
1464 1397
1397 3717
3717 3610
3610 7744
7744 7775
7775 7394
7394 6233
6233 4390
4390 783
783 791
791 2550
2550 3556
3556 819
819 8265
8265 7458
7458 1845
1845 7367
7367 5774
5774 7504
7504 1233
1233 1534
1534 3836
3836 1746
1746 5036
5036 7545
7545 5217
5217 6719
6719 6723
6723 4360
4360 4961
4961 6722
6722 4713
4713 4783
4783 6005
6005 6153
6153 5558
5558 7605
7605 1887
1887 2743
2743 3543
3543 2798
2798 123
123 5470
5470 5373
5373 6380
6380 4764
4764 4545
4545 4613
4613 1189
1189 2195
2195 4014
4014 4082
4082 6767
6767 6740
6740 4290
4290 1187
1187 6484
6484 7323
7323 5821
5821 5851
5851 7107
7107 6601
6601 7043
7043 7617
7617 5234
5234 5176
5176 6981
6981 5759
5759 6676
6676 4531
4531 4425
4425 4386
4386 156
156 3526
3526 3562
3562 1039
1039 978
978 361
361 2274
2274 2470
2470 2357
2357 3701
3701 3058
3058 3724
3724 1748
1748 2025
2025 2098
2098 3404
3404 3305
3305 3294
3294 153
153 173
173 3419
3419 7926
7926 7749
7749 2030
2030 7012
7012 5119
5119 5002
5002 6675
6675 5719
5719 1259
1259 2762
2762 2781
2781 2693
2693 4578
4578 6621
6621 6604
6604 4218
4218 3422
3422 959
959 8235
8235 8142
8142 4448
4448 2617
2617 2955
2955 8239
8239 3398
3398 2383
2383 779
779 2100
2100 8229
8229 2457
2457 2985
2985 280
280 2110
2110 3741
3741 3089
3089 4220
4220 2122
2122 1522
1522 4704
4704 4702
4702 6013
6013 7296
7296 7284
7284 7156
7156 5012
5012 7023
7023 1720
1720 2639
2639 118
118 2922
2922 4635
4635 6792
6792 621
621 3756
3756 7558
7558 1876
1876 6922
6922 1753
1753 1320
1320 6872
6872 5180
5180 1863
1863 7412
7412 7374
7374 7872
7872 7315
7315 3266
3266 3197
3197 4202
4202 2258
2258 4213
4213 4876
4876 6251
6251 6387
6387 5100
5100 5793
5793 7790
7790 7789
7789 602
602 2201
2201 4121
4121 4670
4670 1641
1641 1597
1597 4860
4860 6261
6261 4967
4967 6198
6198 5457
5457 5563
5563 7719
7719 5010
5010 1717
1717 4729
4729 6467
6467 5580
5580 7927
7927 370
370 3259
3259 2305
2305 7907
7907 5921
5921 5942
5942 7495
7495 5423
5423 6349
6349 7588
7588 5055
5055 7698
7698 6192
6192 1055
1055 2699
2699 2525
2525 4594
4594 1300
1300 1490
1490 1539
1539 2182
2182 3147
3147 2137
2137 2839
2839 3366
3366 2980
2980 3493
3493 2761
2761 915
915 845
845 5474
5474 1155
1155 4999
4999 5697
5697 6669
6669 6715
6715 4641
4641 6984
6984 15
15 80
80 4151
4151 149
149 998
998 7829
7829 1279
1279 3734
3734 2113
2113 1337
1337 7467
7467 6975
6975 8231
8231 8228
8228 7845
7845 8074
8074 5940
5940 7331
7331 7707
7707 1060
1060 2687
2687 1020
1020 2299
2299 672
672 6795
6795 6607
6607 7492
7492 6505
6505 4777
4777 1540
1540 3952
3952 3946
3946 6724
6724 4665
4665 667
667 646
646 470
470 3244
3244 2284
2284 3591
3591 4114
4114 4047
4047 4596
4596 4538
4538 4334
4334 4940
4940 4460
4460 2692
2692 5467
5467 4787
4787 6030
6030 3896
3896 6618
6618 7049
7049 1494
1494 3981
3981 3846
3846 3878
3878 2041
2041 7770
7770 5713
5713 5943
5943 197
197 546
546 5790
5790 5717
5717 5938
5938 7932
7932 8043
8043 7997
7997 5295
5295 5673
5673 5087
5087 7158
7158 5918
5918 5927
5927 7888
7888 7921
7921 7847
7847 5881
5881 5866
5866 1119
1119 4974
4974 1511
1511 6863
6863 5589
5589 1726
1726 6639
6639 6319
6319 4741
4741 4906
4906 4428
4428 6117
6117 4379
4379 2563
2563 3912
3912 2727
2727 2689
2689 8117
8117 111
111 4550
4550 1480
1480 6135
6135 3727
3727 1443
1443 4810
4810 3975
3975 6912
6912 5605
5605 6910
6910 6880
6880 6881
6881 5039
5039 7009
7009 4779
4779 4827
4827 5484
5484 5891
5891 5860
5860 5839
5839 6654
6654 7300
7300 5863
5863 5844
5844 5197
5197 7646
7646 7475
7475 7560
7560 7428
7428 6978
6978 596
596 950
950 1082
1082 5541
5541 4658
4658 2893
2893 4217
4217 3090
3090 8225
8225 7774
7774 5874
5874 7543
7543 6857
6857 4700
4700 3829
3829 1593
1593 1883
1883 6310
6310 1877
1877 4872
4872 3750
3750 4180
4180 4027
4027 178
178 894
894 1028
1028 2490
2490 6277
6277 4509
4509 8139
8139 3451
3451 7750
7750 6918
6918 7650
7650 6894
6894 647
647 8
8 1291
1291 6539
6539 4788
4788 6263
6263 4767
4767 6140
6140 1636
1636 6890
6890 520
520 6940
6940 7669
7669 5574
5574 4941
4941 4739
4739 4780
4780 1148
1148 1092
1092 7240
7240 7526
7526 6709
6709 4623
4623 1728
1728 1873
1873 5739
5739 2015
2015 2314
2314 2840
2840 2995
2995 4161
4161 2660
2660 4598
4598 4585
4585 4056
4056 4403
4403 4409
4409 6102
6102 6067
6067 4684
4684 6862
6862 3990
3990 6942
6942 1588
1588 4639
4639 6681
6681 5224
5224 7599
7599 1620
1620 7113
7113 3005
3005 2765
2765 2150
2150 4500
4500 6146
6146 3938
3938 4601
4601 2581
2581 2900
2900 170
170 974
974 979
979 225
225 6924
6924 7465
7465 3826
3826 7555
7555 7057
7057 7050
7050 5551
5551 7615
7615 1174
1174 1159
1159 8119
8119 136
136 2268
2268 2409
2409 4257
4257 3231
3231 3621
3621 1756
1756 5592
5592 5370
5370 6267
6267 5571
5571 1247
1247 460
460 1974
1974 7923
7923 1917
1917 5846
5846 7409
7409 1594
1594 2904
2904 82
82 3261
3261 3123
3123 323
323 150
150 909
909 2794
2794 8144
8144 5455
5455 4376
4376 4185
4185 954
954 3529
3529 956
956 1214
1214 6392
6392 5387
5387 6193
6193 7714
7714 7725
7725 7482
7482 2326
2326 3392
3392 2413
2413 3491
3491 985
985 468
468 7275
7275 5889
5889 7202
7202 5956
5956 1843
1843 5231
5231 1743
1743 7718
7718 6828
6828 6845
6845 1855
1855 2204
2204 3784
3784 656
656 3589
3589 1269
1269 1635
1635 2017
2017 510
510 619
619 3692
3692 6799
6799 1493
1493 6295
6295 5035
5035 5279
5279 7496
7496 5973
5973 6743
6743 6565
6565 6716
6716 6762
6762 7986
7986 8109
8109 2602
2602 4166
4166 2998
2998 885
885 892
892 837
837 991
991 2066
2066 7177
7177 1165
1165 2587
2587 3303
3303 4272
4272 3214
3214 2918
2918 2958
2958 982
982 343
343 1950
1950 958
958 822
822 2775
2775 2787
2787 7998
7998 7638
7638 1406
1406 685
685 3085
3085 251
251 2502
2502 3265
3265 2304
2304 955
955 1022
1022 2778
2778 2969
2969 3628
3628 3754
3754 2188
2188 1543
1543 1769
1769 4636
4636 6651
6651 5575
5575 4493
4493 4873
4873 1473
1473 4330
4330 4315
4315 3638
3638 3048
3048 3110
3110 1310
1310 3866
3866 3848
3848 1276
1276 7791
7791 2077
2077 7014
7014 1504
1504 6758
6758 3983
3983 6836
6836 5225
5225 6697
6697 5559
5559 5682
5682 4402
4402 904
904 887
887 158
158 168
168 980
980 2481
2481 3184
3184 4157
4157 4580
4580 4577
4577 2181
2181 4171
4171 4111
4111 1465
1465 1526
1526 6793
6793 4632
4632 1661
1661 574
574 3534
3534 2116
2116 4791
4791 4935
4935 4910
4910 4175
4175 2836
2836 3900
3900 6738
6738 5608
5608 5196
5196 6774
6774 6737
6737 1351
1351 3624
3624 3710
3710 5189
5189 7420
7420 3804
3804 4883
4883 4893
4893 4093
4093 3774
3774 2321
2321 2349
2349 2373
2373 364
364 1912
1912 1850
1850 4667
4667 4668
4668 6848
6848 4688
4688 7778
7778 812
812 770
770 1470
1470 1569
1569 1731
1731 7540
7540 7613
7613 7069
7069 7493
7493 7410
7410 1780
1780 2790
2790 298
298 3426
3426 372
372 827
827 2691
2691 4452
4452 7306
7306 5888
5888 1355
1355 1290
1290 4045
4045 673
673 3167
3167 2243
2243 2334
2334 3032
3032 4206
4206 1011
1011 6195
6195 5458
5458 6494
6494 6555
6555 7701
7701 5238
5238 4919
4919 4945
4945 4952
4952 5216
5216 1710
1710 1527
1527 1501
1501 4100
4100 2924
2924 3596
3596 1339
1339 4005
4005 3257
3257 3217
3217 3222
3222 3150
3150 3704
3704 3688
3688 4737
4737 4427
4427 8160
8160 1103
1103 6156
6156 4592
4592 4010
4010 1334
1334 4929
4929 5987
5987 5523
5523 6707
6707 1600
1600 66
66 3174
3174 3132
3132 3376
3376 2345
2345 2339
2339 386
386 8205
8205 7220
7220 7675
7675 1142
1142 4414
4414 1213
1213 3665
3665 1481
1481 6909
6909 7651
7651 6753
6753 3931
3931 1308
1308 4092
4092 61
61 2285
2285 944
944 7896
7896 7863
7863 992
992 5894
5894 1937
1937 8261
8261 2452
2452 7871
7871 7248
7248 1045
1045 7203
7203 7437
7437 5816
5816 7310
7310 7985
7985 1164
1164 5494
5494 6075
6075 1589
1589 1765
1765 1357
1357 6875
6875 3749
3749 1257
1257 3872
3872 591
591 1232
1232 1441
1441 640
640 3141
3141 3143
3143 2218
2218 3997
3997 6951
6951 6635
6635 4811
4811 6455
6455 3901
3901 4486
4486 4736
4736 1513
1513 6746
6746 4903
4903 4889
4889 1557
1557 670
670 537
537 8236
8236 562
562 279
279 3432
3432 754
754 8260
8260 2485
2485 2724
2724 2560
2560 2967
2967 2509
2509 1034
1034 4291
4291 3910
3910 4546
4546 4536
4536 4542
4542 3972
3972 6090
6090 6076
6076 6059
6059 1880
1880 6430
6430 5329
5329 6469
6469 5540
5540 2718
2718 362
362 4233
4233 3723
3723 4697
4697 4851
4851 1484
1484 1496
1496 6080
6080 4179
4179 671
671 585
585 3814
3814 4902
4902 6137
6137 4314
4314 2597
2597 6009
6009 6002
6002 5038
5038 6307
6307 7070
7070 4859
4859 4858
4858 4813
4813 6069
6069 7091
7091 1738
1738 5292
5292 5288
5288 6622
6622 6566
6566 7037
7037 6629
6629 8106
8106 8102
8102 1054
1054 8147
8147 6540
6540 1696
1696 7552
7552 1823
1823 3808
3808 625
625 4073
4073 1303
1303 4079
4079 2913
2913 413
413 3496
3496 447
447 8204
8204 1961
1961 2593
2593 1903
1903 7887
7887 7260
7260 5090
5090 6405
6405 741
741 3466
3466 312
312 2061
2061 7751
7751 369
369 3347
3347 2815
2815 367
367 7761
7761 5178
5178 7494
7494 7609
7609 5095
5095 5521
5521 6474
6474 5864
5864 1839
1839 2056
2056 473
473 2396
2396 3033
3033 4805
4805 4725
4725 1472
1472 3943
3943 4129
4129 144
144 2499
2499 3446
3446 1896
1896 7466
7466 1106
1106 8069
8069 5707
5707 4956
4956 6372
6372 7073
7073 7431
7431 1267
1267 613
613 2244
2244 3597
3597 543
543 1314
1314 37
37 2269
2269 2759
2759 573
573 6764
6764 5265
5265 7085
7085 5579
5579 6632
6632 7551
7551 1449
1449 1433
1433 3584
3584 250
250 373
373 7204
7204 7576
7576 6470
6470 5350
5350 5009
5009 5535
5535 3914
3914 4573
4573 4144
4144 2533
2533 2592
2592 64
64 13
13 2441
2441 2213
2213 3778
3778 7817
7817 2039
2039 7519
7519 7455
7455 5926
5926 7169
7169 7258
7258 5905
5905 7333
7333 5208
5208 1047
1047 8026
8026 6230
6230 7340
7340 7276
7276 6673
6673 7586
7586 5247
5247 5636
5636 4135
4135 2578
2578 2722
2722 4560
4560 4501
4501 5437
5437 1914
1914 7794
7794 5120
5120 5175
5175 2052
2052 453
453 384
384 700
700 802
802 970
970 3403
3403 1988
1988 7758
7758 7373
7373 7695
7695 3830
3830 1401
1401 4026
4026 4712
4712 20
20 3399
3399 2372
2372 2450
2450 2379
2379 3351
3351 3128
3128 2163
2163 4019
4019 4591
4591 11
11 3254
3254 3288
3288 336
336 3293
3293 100
100 1188
1188 1553
1553 4604
4604 2655
2655 121
121 2569
2569 8031
8031 7946
7946 8126
8126 2561
2561 2976
2976 2495
2495 899
899 742
742 2776
2776 8125
8125 6650
6650 5111
5111 1565
1565 1596
1596 5185
5185 7365
7365 7781
7781 7132
7132 7067
7067 5065
5065 1460
1460 1229
1229 4094
4094 4149
4149 2920
2920 4279
4279 3485
3485 965
965 976
976 3524
3524 2530
2530 3469
3469 2929
2929 4230
4230 3550
3550 6227
6227 5434
5434 4489
4489 6093
6093 4914
4914 3974
3974 4824
4824 4345
4345 2657
2657 50
50 3142
3142 2841
2841 3153
3153 26
26 2534
2534 2943
2943 2539
2539 2601
2601 7503
7503 1721
1721 7488
7488 5904
5904 8169
8169 942
942 7864
7864 1918
1918 5712
5712 4483
4483 4365
4365 4258
4258 3385
3385 2309
2309 60
60 3127
3127 2488
2488 4372
4372 4356
4356 3923
3923 4593
4593 4891
4891 4703
4703 1497
1497 1601
1601 7093
7093 6846
6846 1347
1347 3648
3648 3145
3145 3381
3381 2466
2466 3447
3447 815
815 1622
1622 7627
7627 3947
3947 1244
1244 3649
3649 2281
2281 2459
2459 984
984 798
798 3530
3530 990
990 911
911 4184
4184 1256
1256 1248
1248 1638
1638 1679
1679 1789
1789 1827
1827 1941
1941 8285
8285 3441
3441 2792
2792 3434
3434 258
258 7836
7836 7823
7823 7784
7784 2046
2046 936
936 3545
3545 3634
3634 1292
1292 1510
1510 7068
7068 5150
5150 5690
5690 5599
5599 8146
8146 4169
4169 177
177 1977
1977 8270
8270 6223
6223 4957
4957 5613
5613 6752
6752 5333
5333 5209
5209 7513
7513 387
387 330
330 3349
3349 4215
4215 4975
4975 6357
6357 5211
5211 7350
7350 7188
7188 3744
3744 2093
2093 1266
1266 3987
3987 1624
1624 7655
7655 7031
7031 4074
4074 2876
2876 3
3 2251
2251 3641
3641 3661
3661 2919
2919 48
48 3781
3781 600
600 3034
3034 3077
3077 3318
3318 2367
2367 381
381 4140
4140 3998
3998 4086
4086 6948
6948 5565
5565 6630
6630 6589
6589 6077
6077 5556
5556 5669
5669 7499
7499 5162
5162 4692
4692 2562
2562 916
916 2486
2486 2751
2751 2513
2513 1046
1046 5614
5614 7029
7029 7557
7557 1741
1741 5511
5511 5056
5056 4437
4437 4426
4426 8071
8071 1942
1942 7272
7272 5925
5925 5930
5930 7236
7236 5491
5491 4980
4980 6268
6268 6303
6303 1742
1742 7011
7011 6368
6368 1153
1153 6773
6773 6816
6816 4525
4525 4517
4517 7054
7054 6608
6608 6577
6577 1768
1768 1778
1778 1356
1356 2002
2002 3380
3380 3504
3504 867
867 3898
3898 4794
4794 6055
6055 7061
7061 6138
6138 134
134 3008
3008 715
715 1015
1015 732
732 734
734 735
735 2795
2795 3062
3062 3035
3035 3079
3079 666
666 3886
3886 7035
7035 4720
4720 6704
6704 7047
7047 7445
7445 7434
7434 5757
5757 5352
5352 6471
6471 5317
5317 6150
6150 5983
5983 5403
5403 6696
6696 5230
5230 1718
1718 5823
5823 7170
7170 431
431 2342
2342 626
626 1814
1814 1639
1639 1745
1745 7716
7716 5118
5118 7052
7052 5130
5130 1833
1833 7376
7376 7922
7922 7894
7894 1824
1824 4301
4301 4611
4611 4746
4746 4361
4361 1227
1227 1538
1538 2155
2155 2143
2143 31
31 190
190 579
579 4619
4619 7371
7371 2090
2090 1993
1993 294
294 1611
1611 5413
5413 5443
5443 7966
7966 7868
7868 7945
7945 8213
8213 8207
8207 3251
3251 681
681 6818
6818 1507
1507 5332
5332 5184
5184 481
481 2055
2055 3736
3736 263
263 3950
3950 4685
4685 6935
6935 1722
1722 7473
7473 7337
7337 5884
5884 5875
5875 6649
6649 6953
6953 4115
4115 639
639 3677
3677 3637
3637 1311
1311 3687
3687 3779
3779 5743
5743 7382
7382 7841
7841 1831
1831 7624
7624 527
527 2094
2094 430
430 7748
7748 5132
5132 7855
7855 2027
2027 1370
1370 5807
5807 5134
5134 5524
5524 5585
5585 5994
5994 5108
5108 5945
5945 7225
7225 6687
6687 5539
5539 5581
5581 5287
5287 7665
7665 5791
5791 749
749 866
866 3560
3560 5896
5896 6309
6309 7326
7326 8049
8049 7844
7844 8045
8045 8274
8274 786
786 923
923 2960
2960 405
405 3246
3246 3355
3355 329
329 2813
2813 314
314 1929
1929 8198
8198 8226
8226 8187
8187 7972
7972 8041
8041 7224
7224 7081
7081 5280
5280 5057
5057 1632
1632 1305
1305 2498
2498 2542
2542 3673
3673 1648
1648 6997
6997 5264
5264 5268
5268 6509
6509 4754
4754 4946
4946 8124
8124 7882
7882 5168
5168 5172
5172 5388
5388 7352
7352 7238
7238 2822
2822 2888
2888 2434
2434 2423
2423 3285
3285 145
145 1335
1335 4025
4025 4083
4083 3602
3602 41
41 2773
2773 2516
2516 2557
2557 3819
3819 6803
6803 5096
5096 5215
5215 6452
6452 6999
6999 4894
4894 6119
6119 1558
1558 1471
1471 1322
1322 559
559 3098
3098 2214
2214 3935
3935 3945
3945 3890
3890 7835
7835 504
504 502
502 2006
2006 631
631 552
552 929
929 3494
3494 2903
2903 4012
4012 171
171 2890
2890 3060
3060 2184
2184 3612
3612 4110
4110 4503
4503 4061
4061 6820
6820 3895
3895 2588
2588 2622
2622 2296
2296 2570
2570 6236
6236 7960
7960 6197
6197 5344
5344 5562
5562 4651
4651 6711
6711 5408
5408 8143
8143 6241
6241 5966
5966 6510
6510 5431
5431 4841
4841 4772
4772 3357
3357 295
295 941
941 1001
1001 2695
2695 7884
7884 8098
8098 1021
1021 3135
3135 3064
3064 1567
1567 7550
7550 4706
4706 3956
3956 4803
4803 4728
4728 7036
7036 5275
5275 1172
1172 5958
5958 5731
5731 7271
7271 8259
8259 720
720 873
873 8251
8251 3445
3445 7906
7906 1646
1646 6830
6830 6867
6867 3728
3728 682
682 6777
6777 1131
1131 2994
2994 3289
3289 2478
2478 2402
2402 614
614 5182
5182 7505
7505 3694
3694 637
637 6177
6177 6215
6215 1852
1852 5033
5033 7743
7743 669
669 3689
3689 428
428 352
352 8156
8156 6466
6466 6084
6084 4626
4626 5236
5236 5267
5267 7601
7601 1411
1411 4077
4077 6731
6731 6415
6415 1023
1023 696
696 3344
3344 2915
2915 4183
4183 2076
2076 7765
7765 7183
7183 8175
8175 8193
8193 8258
8258 5831
5831 6438
6438 5672
5672 7063
7063 7083
7083 1983
1983 1365
1365 678
678 675
675 679
679 3104
3104 2117
2117 240
240 2241
2241 3163
3163 3255
3255 3248
3248 3148
3148 2306
2306 3111
3111 2310
2310 3219
3219 1218
1218 5451
5451 7291
7291 975
975 152
152 2518
2518 3227
3227 2229
2229 217
217 695
695 943
943 8186
8186 809
809 880
880 775
775 1970
1970 8089
8089 1053
1053 5534
5534 5032
5032 7531
7531 6256
6256 5996
5996 3022
3022 207
207 216
216 2012
2012 580
580 7745
7745 7828
7828 7837
7837 4275
4275 285
285 2797
2797 718
718 1004
1004 3067
3067 3028
3028 54
54 1193
1193 910
910 2521
2521 836
836 832
832 848
848 2780
2780 1898
1898 7915
7915 3436
3436 3326
3326 392
392 226
226 3891
3891 1803
1803 4682
4682 3984
3984 6008
6008 6031
6031 6531
6531 5340
5340 6493
6493 6721
6721 4776
4776 1630
1630 6908
6908 3696
3696 3583
3583 1770
1770 3916
3916 3971
3971 3963
3963 6022
6022 7644
7644 7629
7629 5110
5110 7484
7484 7511
7511 1729
1729 6992
6992 4617
4617 6995
6995 6841
6841 4848
4848 1547
1547 8111
8111 1024
1024 3476
3476 335
335 4236
4236 3187
3187 2144
2144 4587
4587 1421
1421 3810
3810 4001
4001 2728
2728 2706
2706 5629
5629 6882
6882 1669
1669 5946
5946 7142
7142 7267
7267 6305
6305 6495
6495 5341
5341 6187
6187 855
855 1016
1016 1978
1978 1079
1079 2702
2702 2729
2729 8127
8127 6280
6280 4142
4142 2847
2847 3125
3125 2853
2853 4281
4281 2997
2997 17
17 2145
2145 2063
2063 2337
2337 2476
2476 2453
2453 3177
3177 426
426 972
972 3586
3586 645
645 1787
1787 7425
7425 4669
4669 7563
7563 1345
1345 2207
2207 415
415 8240
8240 5949
5949 7416
7416 1869
1869 7561
7561 3801
3801 1447
1447 3752
3752 3730
3730 2973
2973 2805
2805 2817
2817 2661
2661 3928
3928 3941
3941 4340
4340 5622
5622 5972
5972 7048
7048 5420
5420 6384
6384 5761
5761 1946
1946 3512
3512 986
986 3009
3009 2819
2819 2745
2745 322
322 8277
8277 1904
1904 3096
3096 2859
2859 7859
7859 5723
5723 7683
7683 4796
4796 4916
4916 5871
5871 7347
7347 5112
5112 7005
7005 7000
7000 6573
6573 7721
7721 4716
4716 6706
6706 4970
4970 4472
4472 4381
4381 3961
3961 4029
4029 4189
4189 2883
2883 3216
3216 4318
4318 1563
1563 4695
4695 7569
7569 5811
5811 7726
7726 6582
6582 4112
4112 1316
1316 35
35 29
29 6062
6062 4773
4773 5093
5093 1150
1150 2731
2731 2609
2609 4174
4174 2931
2931 3567
3567 3572
3572 3857
3857 1516
1516 7658
7658 7546
7546 7456
7456 7422
7422 7427
7427 1713
1713 7094
7094 1505
1505 6806
6806 4672
4672 6842
6842 1617
1617 5696
5696 6424
6424 5181
5181 7418
7418 4627
4627 6941
6941 6974
6974 7435
7435 1362
1362 1774
1774 1389
1389 4209
4209 3363
3363 4216
4216 3206
3206 816
816 686
686 5936
5936 7206
7206 7261
7261 5630
5630 5576
5576 6066
6066 5652
5652 5600
5600 7101
7101 3864
3864 3678
3678 3371
3371 3057
3057 5742
5742 7821
7821 1626
1626 6462
6462 7590
7590 5357
5357 6443
6443 7788
7788 5781
5781 4719
4719 3980
3980 3979
3979 4467
4467 8145
8145 4518
4518 4394
4394 4495
4495 4383
4383 8136
8136 5915
5915 7245
7245 5237
5237 5193
5193 7507
7507 1676
1676 1612
1612 7637
7637 7016
7016 6313
6313 6024
6024 3907
3907 1252
1252 6051
6051 5597
5597 7647
7647 1625
1625 7082
7082 6592
6592 7756
7756 2038
2038 7752
7752 8178
8178 8234
8234 8123
8123 4393
4393 6149
6149 6007
6007 7699
7699 7256
7256 5887
5887 7161
7161 1783
1783 1381
1381 5323
5323 7589
7589 6611
6611 5569
5569 5547
5547 5665
5665 7354
7354 1234
1234 1445
1445 1430
1430 2135
2135 2643
2643 8078
8078 8014
8014 5322
5322 6450
6450 8030
8030 2730
2730 2505
2505 2989
2989 2519
2519 4192
4192 2894
2894 2196
2196 1330
1330 3884
3884 3671
3671 3263
3263 3260
3260 2978
2978 2964
2964 419
419 3849
3849 4930
4930 5376
5376 4468
4468 4364
4364 2540
2540 823
823 8025
8025 6074
6074 4846
4846 2165
2165 71
71 69
69 2170
2170 3190
3190 4069
4069 1485
1485 6742
6742 4835
4835 6019
6019 6834
6834 1489
1489 3967
3967 1508
1508 6168
6168 7963
7963 1062
1062 4333
4333 4146
4146 291
291 3046
3046 389
389 4084
4084 3937
3937 3995
3995 2189
2189 3277
3277 3622
3622 1521
1521 2190
2190 2683
2683 2506
2506 7951
7951 5349
5349 7379
7379 7386
7386 7521
7521 5106
5106 7254
7254 8052
8052 8080
8080 8262
8262 3538
3538 981
981 3080
3080 44
44 4680
4680 4871
4871 4294
4294 4331
4331 2493
2493 755
755 4603
4603 6122
6122 4784
4784 1552
1552 2612
2612 8116
8116 8137
8137 4431
4431 888
888 616
616 563
563 7474
7474 6998
6998 5291
5291 1836
1836 7463
7463 452
452 503
503 3113
3113 38
38 90
90 1209
1209 2619
2619 2647
2647 4136
4136 4349
4349 2154
2154 4353
4353 4758
4758 4944
4944 6199
6199 2742
2742 2793
2793 338
338 3412
3412 186
186 4292
4292 3922
3922 1492
1492 3843
3843 650
650 1403
1403 4654
4654 5272
5272 7771
7771 1991
1991 3119
3119 603
603 1353
1353 577
577 1368
1368 7384
7384 2406
2406 2103
2103 578
578 2701
2701 2738
2738 8263
8263 4363
4363 1138
1138 4434
4434 3897
3897 1199
1199 3966
3966 3698
3698 2049
2049 1846
1846 1572
1572 7026
7026 1260
1260 3852
3852 1270
1270 2879
2879 2200
2200 1673
1673 7696
7696 5244
5244 7130
7130 7250
7250 8164
8164 6680
6680 6969
6969 8219
8219 3555
3555 8287
8287 2370
2370 3766
3766 1531
1531 4548
4548 4683
4683 5138
5138 7355
7355 7479
7479 7075
7075 6332
6332 6320
6320 6340
6340 6333
6333 2719
2719 907
907 924
924 4775
4775 6027
6027 6517
6517 4458
4458 2546
2546 3011
3011 948
948 1886
1886 7678
7678 5347
5347 5903
5903 709
709 2753
2753 4413
4413 4529
4529 6183
6183 1124
1124 7953
7953 1939
1939 1985
1985 5740
5740 7438
7438 62
62 65
65 3581
3581 1318
1318 4095
4095 606
606 4203
4203 680
680 220
220 4408
4408 8103
8103 5473
5473 5395
5395 6240
6240 4904
4904 7916
7916 1911
1911 7192
7192 5917
5917 5382
5382 6260
6260 1133
1133 8048
8048 7785
7785 2042
2042 221
221 2838
2838 43
43 2905
2905 6810
6810 1657
1657 3881
3881 1776
1776 1442
1442 1307
1307 4118
4118 4143
4143 3078
3078 264
264 2099
2099 479
479 3585
3585 261
261 3755
3755 1
1 4555
4555 4771
4771 6485
6485 4631
4631 1459
1459 2607
2607 677
677 3623
3623 3965
3965 4978
4978 6273
6273 6574
6574 4785
4785 6568
6568 6824
6824 6812
6812 3822
3822 5778
5778 5786
5786 5114
5114 5531
5531 5583
5583 4465
4465 4097
4097 4649
4649 6252
6252 5486
5486 6285
6285 3014
3014 4574
4574 4162
4162 4556
4556 1116
1116 4913
4913 4938
4938 3940
3940 74
74 95
95 3765
3765 3863
3863 5748
5748 5848
5848 7135
7135 5750
5750 7449
7449 7876
7876 1899
1899 7150
7150 7103
7103 7166
7166 5358
5358 7705
7705 4583
4583 2167
2167 2663
2663 185
185 341
341 182
182 3273
3273 3369
3369 2151
2151 4341
4341 2146
2146 2538
2538 869
869 2374
2374 961
961 7738
7738 5747
5747 1862
1862 4622
4622 6904
6904 538
538 519
519 3827
3827 3982
3982 1488
1488 3929
3929 4002
4002 6802
6802 1296
1296 7534
7534 1089
1089 7910
7910 7153
7153 6522
6522 6536
6536 5418
5418 5405
5405 5335
5335 5306
5306 6686
6686 6943
6943 4119
4119 4947
4947 6506
6506 4744
4744 6113
6113 5330
5330 1818
1818 1384
1384 1968
1968 7905
7905 7389
7389 1755
1755 1283
1283 3166
3166 4280
4280 964
964 771
771 3577
3577 831
831 2697
2697 8173
8173 2844
2844 3396
3396 3097
3097 3521
3521 2463
2463 1208
1208 6772
6772 6807
6807 4456
4456 1064
1064 6147
6147 4943
4943 4575
4575 3905
3905 3906
3906 6351
6351 5074
5074 6379
6379 5319
5319 5822
5822 7270
7270 835
835 1935
1935 7268
7268 5922
5922 1668
1668 3807
3807 3748
3748 411
411 2951
2951 147
147 2942
2942 334
334 2382
2382 3802
3802 6965
6965 1834
1834 3809
3809 1840
1840 7423
7423 4988
4988 6658
6658 4629
4629 6895
6895 5361
5361 6388
6388 4515
4515 4416
4416 4327
4327 5499
5499 5017
5017 7025
7025 1417
1417 4117
4117 4664
4664 6756
6756 4844
4844 6496
6496 6201
6201 5394
5394 5204
5204 7654
7654 6569
6569 6343
6343 4469
4469 2979
2979 325
325 3039
3039 265
265 3030
3030 3084
3084 2215
2215 59
59 4054
4054 6212
6212 6229
6229 2652
2652 3258
3258 3317
3317 3593
3593 522
522 7429
7429 7668
7668 1736
1736 5218
5218 5304
5304 6337
6337 5136
5136 5639
5639 4870
4870 4123
4123 557
557 7776
7776 7801
7801 1699
1699 6956
6956 3844
3844 2118
2118 3499
3499 2424
2424 3333
3333 3420
3420 3405
3405 3290
3290 2492
2492 324
324 7730
7730 7366
7366 7208
7208 4436
4436 1033
1033 2618
2618 2868
2868 2541
2541 2253
2253 3598
3598 3775
3775 1905
1905 476
476 2070
2070 2057
2057 382
382 8268
8268 1959
1959 687
687 7782
7782 483
483 1361
1361 7501
7501 5820
5820 5873
5873 1518
1518 3839
3839 1398
1398 1478
1478 4048
4048 2438
2438 3384
3384 3423
3423 180
180 1525
1525 7677
7677 6292
6292 4815
4815 6087
6087 4960
4960 6258
6258 6234
6234 6188
6188 6164
6164 6393
6393 4982
4982 5363
5363 5507
5507 1665
1665 7444
7444 6868
6868 1428
1428 6986
6986 6579
6579 6472
6472 6228
6228 5916
5916 7305
7305 5952
5952 7198
7198 7262
7262 2028
2028 8006
8006 2705
2705 1958
1958 8167
8167 5826
5826 1117
1117 6289
6289 6178
6178 4963
4963 7568
7568 7448
7448 462
462 2897
2897 79
79 2177
2177 3059
3059 4030
4030 1191
1191 4820
4820 6032
6032 1140
1140 1074
1074 728
728 760
760 445
445 7854
7854 5674
5674 5725
5725 7137
7137 7641
7641 7566
7566 6977
6977 5409
5409 6097
6097 4850
4850 3993
3993 1675
1675 3926
3926 1146
1146 5173
5173 1989
1989 3411
3411 214
214 2023
2023 4804
4804 3919
3919 4319
4319 4534
4534 4662
4662 1703
1703 7397
7397 8073
8073 3554
3554 319
319 5733
5733 5109
5109 4718
4718 6856
6856 6714
6714 1542
1542 3955
3955 4419
4419 2572
2572 3490
3490 281
281 2400
2400 966
966 3210
3210 391
391 906
906 2996
2996 3330
3330 3007
3007 3618
3618 3719
3719 1309
1309 3759
3759 1451
1451 3795
3795 1656
1656 6801
6801 4167
4167 5645
5645 1424
1424 1254
1254 1410
1410 1348
1348 3149
3149 2910
2910 2630
2630 7
7 2288
2288 2474
2474 379
379 5754
5754 5046
5046 7958
7958 8091
8091 8101
8101 3455
3455 7968
7968 8009
8009 5678
5678 1716
1716 1583
1583 7019
7019 5587
5587 6029
6029 6272
6272 4293
4293 4309
4309 4422
4422 1044
1044 8044
8044 951
951 3375
3375 380
380 805
805 3338
3338 2065
2065 2080
2080 3690
3690 2341
2341 7209
7209 7298
7298 1621
1621 1853
1853 7663
7663 6461
6461 6053
6053 4927
4927 4494
4494 4457
4457 1944
1944 7222
7222 1566
1566 3794
3794 1767
1767 6011
6011 4724
4724 6463
6463 6104
6104 4879
4879 3713
3713 3037
3037 3112
3112 7848
7848 993
993 713
713 3459
3459 729
729 1922
1922 7869
7869 7393
7393 6445
6445 5602
5602 6491
6491 6025
6025 6625
6625 7480
7480 7681
7681 7715
7715 7571
7571 6892
6892 3812
3812 1759
1759 6919
6919 1614
1614 2206
2206 2764
2764 2511
2511 6674
6674 6683
6683 3838
3838 4078
4078 7087
7087 7583
7583 5920
5920 8054
8054 8053
8053 7234
7234 7116
7116 6434
6434 1416
1416 3633
3633 636
636 641
641 6859
6859 4505
4505 4520
4520 5354
5354 7833
7833 2026
2026 6688
6688 7321
7321 1842
1842 4679
4679 1402
1402 2142
2142 49
49 3707
3707 7763
7763 7796
7796 5715
5715 994
994 3501
3501 2273
2273 6130
6130 1499
1499 7596
7596 8019
8019 6283
6283 1066
1066 4962
4962 6052
6052 6480
6480 4998
4998 6685
6685 7612
7612 7065
7065 6596
6596 5596
5596 6559
6559 7128
7128 5799
5799 1936
1936 3091
3091 193
193 446
446 7769
7769 7757
7757 1966
1966 7858
7858 5950
5950 7729
7729 493
493 7123
7123 6348
6348 6217
6217 4429
4429 5468
5468 8128
8128 6410
6410 1072
1072 357
357 3301
3301 6796
6796 5529
5529 6730
6730 1206
1206 2193
2193 2107
2107 587
587 3695
3695 2318
2318 200
200 1341
1341 7572
7572 5797
5797 5256
5256 6457
6457 5566
5566 5245
5245 4984
4984 2669
2669 4277
4277 142
142 4915
4915 6515
6515 4300
4300 2907
2907 87
87 4789
4789 4657
4657 5113
5113 5261
5261 7635
7635 1604
1604 1295
1295 588
588 215
215 4265
4265 4269
4269 202
202 2444
2444 3334
3334 4239
4239 133
133 3188
3188 2935
2935 166
166 3224
3224 3786
3786 7286
7286 7515
7515 5721
5721 7883
7883 8176
8176 753
753 769
769 1005
1005 697
697 2554
2554 2598
2598 1219
1219 2650
2650 2667
2667 1204
1204 4537
4537 4964
4964 8013
8013 8066
8066 861
861 2479
2479 2684
2684 3986
3986 4673
4673 6619
6619 7523
7523 7175
7175 7965
7965 5446
5446 7470
7470 1775
1775 4022
4022 3969
3969 5469
5469 5482
5482 5364
5364 6015
6015 5545
5545 5022
5022 7006
7006 7584
7584 7353
7353 1179
1179 7187
7187 7336
7336 5768
5768 2072
2072 565
565 2000
2000 7273
7273 7860
7860 8016
8016 7034
7034 1578
1578 1582
1582 7685
7685 5273
5273 1707
1707 1807
1807 7348
7348 8095
8095 2749
2749 2577
2577 1037
1037 8129
8129 1113
1113 1070
1070 2632
2632 112
112 5517
5517 5059
5059 4521
4521 4527
4527 4317
4317 3639
3639 665
665 4044
4044 6274
6274 4475
4475 4496
4496 4539
4539 5257
5257 1694
1694 5202
5202 3828
3828 3615
3615 268
268 1061
1061 6406
6406 6412
6412 6301
6301 6072
6072 5021
5021 1890
1890 4995
4995 6378
6378 5466
5466 4316
4316 4576
4576 5008
5008 7506
7506 4028
4028 4031
4031 2881
2881 4177
4177 1323
1323 5137
5137 7816
7816 2071
2071 2313
2313 2368
2368 2050
2050 4109
4109 1238
1238 6783
6783 7614
7614 4738
4738 6014
6014 6513
6513 5416
5416 2685
2685 711
711 2970
2970 3286
3286 3700
3700 3122
3122 3415
3415 350
350 4581
4581 4753
4753 6120
6120 4854
4854 6733
6733 6185
6185 2558
2558 85
85 2961
2961 3179
3179 287
287 282
282 2842
2842 2526
2526 3243
3243 3883
3883 3876
3876 1830
1830 5755
5755 7167
7167 5948
5948 7762
7762 610
610 3383
3383 3460
3460 2763
2763 2448
2448 4373
4373 6366
6366 5310
5310 6068
6068 1483
1483 1555
1555 2646
2646 2132
2132 2833
2833 3029
3029 4286
4286 4138
4138 1198
1198 5843
5843 7311
7311 5870
5870 7121
7121 5801
5801 7462
7462 2395
2395 2332
2332 518
518 7597
7597 5424
5424 5369
5369 5146
5146 5052
5052 6210
6210 1149
1149 7314
7314 8018
8018 1065
1065 2734
2734 851
851 2515
2515 2732
2732 1123
1123 5389
5389 5588
5588 6473
6473 6143
6143 4822
4822 5406
5406 6560
6560 6557
6557 6694
6694 7406
7406 5769
5769 7822
7822 2445
2445 3223
3223 3134
3134 3390
3390 4190
4190 3131
3131 247
247 2009
2009 571
571 8007
8007 4842
4842 5643
5643 6784
6784 3669
3669 489
489 7773
7773 1806
1806 3989
3989 6949
6949 5116
5116 6671
6671 5421
5421 5876
5876 2033
2033 2235
2235 4244
4244 2422
2422 1202
1202 6718
6718 4660
4660 6603
6603 6561
6561 1587
1587 4305
4305 2616
2616 2202
2202 7364
7364 5910
5910 7901
7901 3568
3568 825
825 318
318 3073
3073 3959
3959 6046
6046 6037
6037 4808
4808 6369
6369 6587
6587 6713
6713 7666
7666 1693
1693 7439
7439 8220
8220 2698
2698 8256
8256 358
358 717
717 2714
2714 2528
2528 920
920 47
47 2105
2105 2311
2311 615
615 203
203 3686
3686 223
223 8254
8254 7891
7891 7171
7171 5911
5911 6278
6278 4050
4050 254
254 3312
3312 2953
2953 3024
3024 918
918 8253
8253 4225
4225 2228
2228 4567
4567 6105
6105 1491
1491 3932
3932 4256
4256 195
195 196
196 188
188 307
307 529
529 7840
7840 515
515 429
429 1084
1084 5862
5862 7112
7112 5190
5190 7403
7403 5681
5681 7160
7160 763
763 793
793 3532
3532 7362
7362 7432
7432 7574
7574 6776
6776 1407
1407 1418
1418 1408
1408 7759
7759 5867
5867 1168
1168 5460
5460 5478
5478 989
989 996
996 7182
7182 1640
1640 1280
1280 594
594 532
532 2019
2019 1796
1796 2364
2364 934
934 516
516 6873
6873 3893
3893 582
582 3684
3684 3892
3892 7766
7766 7879
7879 7856
7856 6422
6422 5141
5141 7472
7472 5951
5951 7911
7911 1910
1910 1998
1998 450
450 2062
2062 7033
7033 1561
1561 509
509 586
586 3676
3676 2032
2032 1358
1358 6954
6954 6858
6858 6950
6950 5609
5609 6898
6898 2003
2003 238
238 421
421 275
275 3069
3069 3055
3055 3406
3406 7215
7215 5691
5691 6646
6646 5281
5281 7522
7522 7573
7573 618
618 2350
2350 1892
1892 7165
7165 7404
7404 5947
5947 485
485 3291
3291 2272
2272 3435
3435 3386
3386 1383
1383 7469
7469 6609
6609 1727
1727 5771
5771 5744
5744 5857
5857 6431
6431 7687
7687 7541
7541 7662
7662 7405
7405 1709
1709 2800
2800 331
331 3316
3316 3394
3394 3215
3215 2898
2898 1440
1440 5496
5496 6213
6213 5554
5554 5515
5515 5688
5688 6677
6677 7591
7591 466
466 2414
2414 3103
3103 246
246 548
548 1633
1633 6866
6866 7676
7676 5603
5603 5544
5544 6246
6246 6206
6206 7309
7309 5838
5838 5000
5000 5050
5050 5338
5338 1456
1456 3636
3636 2158
2158 2972
2972 2965
2965 3180
3180 4145
4145 2631
2631 4065
4065 3019
3019 93
93 3267
3267 638
638 3683
3683 3709
3709 3068
3068 4226
4226 2010
2010 1997
1997 8247
8247 3473
3473 3417
3417 3281
3281 165
165 140
140 2458
2458 1901
1901 7935
7935 7899
7899 7746
7746 442
442 2238
2238 2123
2123 1325
1325 6832
6832 6318
6318 5359
5359 7849
7849 8203
8203 2747
2747 3021
3021 2435
2435 8047
8047 7867
7867 7249
7249 7243
7243 1104
1104 494
494 4032
4032 2176
2176 3313
3313 3635
3635 3594
3594 3743
3743 4561
4561 4351
4351 4761
4761 4818
4818 7038
7038 1705
1705 6915
6915 5955
5955 698
698 757
757 8120
8120 6316
6316 6590
6590 3818
3818 3275
3275 3296
3296 2954
2954 2348
2348 7643
7643 6893
6893 536
536 2320
2320 253
253 541
541 772
772 1957
1957 5503
5503 6610
6610 7728
7728 1627
1627 6298
6298 7477
7477 7606
7606 7630
7630 6972
6972 5325
5325 7592
7592 5299
5299 8060
8060 6180
6180 1994
1994 3117
3117 1319
1319 4024
4024 4863
4863 5194
5194 8190
8190 2067
2067 2391
2391 2394
2394 7942
7942 1969
1969 5830
5830 6705
6705 6741
6741 5637
5637 4756
4756 6288
6288 6023
6023 5617
5617 5868
5868 7939
7939 8032
8032 4498
4498 2168
2168 2977
2977 340
340 4254
4254 3962
3962 5997
5997 7684
7684 5716
5716 7372
7372 2082
2082 2292
2292 2854
2854 63
63 4016
4016 2635
2635 3934
3934 5625
5625 6446
6446 7547
7547 1237
1237 1246
1246 6656
6656 6315
6315 6385
6385 5901
5901 3551
3551 8195
8195 474
474 233
233 449
449 3672
3672 2141
2141 4130
4130 4154
4154 24
24 1014
1014 8113
8113 2634
2634 126
126 3023
3023 4424
4424 6647
6647 4986
4986 6398
6398 5618
5618 6464
6464 7603
7603 6735
6735 3070
3070 3614
3614 1313
1313 6916
6916 7441
7441 7827
7827 1894
1894 1815
1815 7815
7815 7875
7875 7111
7111 6661
6661 7674
7674 6154
6154 5432
5432 4438
4438 8076
8076 8233
8233 4089
4089 4116
4116 2666
2666 1329
1329 4107
4107 4126
4126 6827
6827 7044
7044 5034
5034 5610
5610 6300
6300 1697
1697 1804
1804 7199
7199 7133
7133 3331
3331 3721
3721 3650
3650 3632
3632 3154
3154 3359
3359 3300
3300 3425
3425 2824
2824 2477
2477 407
407 3272
3272 2803
2803 3202
3202 42
42 7813
7813 5783
5783 6883
6883 7622
7622 6330
6330 7392
7392 7221
7221 433
433 8196
8196 2232
2232 3053
3053 2298
2298 843
843 2036
2036 8042
8042 8033
8033 8036
8036 7954
7954 1554
1554 3899
3899 829
829 691
691 2517
2517 1304
1304 1393
1393 658
658 661
661 2901
2901 1026
1026 5461
5461 5429
5429 356
356 2799
2799 883
883 2480
2480 1212
1212 58
58 2239
2239 649
649 1272
1272 1752
1752 6035
6035 6364
6364 5441
5441 7950
7950 4442
4442 5086
5086 1245
1245 3477
3477 8218
8218 692
692 4399
4399 302
302 7943
7943 5933
5933 8182
8182 932
932 3495
3495 2826
2826 917
917 2491
2491 459
459 705
705 8217
8217 464
464 3516
3516 8172
8172 767
767 3453
3453 8191
8191 5908
5908 7889
7889 5735
5735 7764
7764 2096
2096 2772
2772 2594
2594 167
167 236
236 2247
2247 3075
3075 2411
2411 354
354 2524
2524 733
733 148
148 3191
3191 3196
3196 2365
2365 2347
2347 635
635 5706
5706 7356
7356 1885
1885 1607
1607 5658
5658 6239
6239 5381
5381 3964
3964 4853
4853 5641
5641 5638
5638 1463
1463 511
511 2226
2226 454
454 1069
1069 7159
7159 7139
7139 5913
5913 7149
7149 5800
5800 7380
7380 566
566 2294
2294 3442
3442 871
871 2674
2674 4313
4313 4346
4346 4898
4898 4693
4693 1688
1688 1667
1667 5155
5155 6891
6891 7830
7830 7753
7753 3510
3510 211
211 242
242 1782
1782 4663
4663 1581
1581 3668
3668 448
448 2164
2164 2723
2723 8121
8121 7185
7185 6371
6371 4990
4990 6354
6354 6698
6698 5070
5070 4308
4308 4302
4302 4357
4357 4444
4444 5088
5088 4900
4900 4862
4862 6161
6161 5475
5475 4979
4979 5126
5126 5803
5803 5166
5166 5250
5250 5705
5705 5834
5834 7147
7147 8171
8171 7908
7908 5188
5188 5396
5396 5970
5970 6460
6460 5598
5598 7360
7360 7186
7186 5837
5837 7704
7704 5654
5654 6987
6987 7027
7027 7708
7708 5049
5049 5398
5398 1059
1059 5895
5895 1984
1984 1371
1371 5309
5309 5249
5249 1723
1723 3851
3851 1415
1415 6761
6761 6167
6167 5516
5516 6390
6390 5530
5530 1584
1584 1598
1598 4633
4633 6814
6814 4606
4606 1182
1182 4492
4492 5255
5255 5219
5219 1550
1550 39
39 2231
2231 2376
2376 2371
2371 278
278 4187
4187 6581
6581 7478
7478 7679
7679 7010
7010 3869
3869 2136
2136 668
668 1235
1235 1241
1241 3116
3116 800
800 1960
1960 1019
1019 2590
2590 2134
2134 1399
1399 3875
3875 7925
7925 7809
7809 438
438 7180
7180 7610
7610 1655
1655 3603
3603 3040
3040 553
553 2115
2115 5
5 3276
3276 3207
3207 2860
2860 2261
2261 1029
1029 6502
6502 7341
7341 6996
6996 6944
6944 1677
1677 3877
3877 581
581 2222
2222 131
131 6125
6125 4840
4840 3430
3430 2001
2001 260
260 3606
3606 224
224 2461
2461 444
444 1893
1893 7850
7850 5123
5123 6553
6553 4451
4451 4389
4389 4397
4397 726
726 8252
8252 3424
3424 7736
7736 7537
7537 7099
7099 1619
1619 4298
4298 4342
4342 2580
2580 2777
2777 2078
2078 6780
6780 1090
1090 7886
7886 7934
7934 7895
7895 5780
5780 1822
1822 1457
1457 3973
3973 4559
4559 6128
6128 5606
5606 5028
5028 5520
5520 6361
6361 7287
7287 7295
7295 5353
5353 5283
5283 5187
5187 1360
1360 7378
7378 6983
6983 6626
6626 6576
6576 5567
5567 5557
5557 1882
1882 5286
5286 5522
5522 1719
1719 1671
1671 4677
4677 2160
2160 2668
2668 6116
6116 4799
4799 3013
3013 2507
2507 270
270 4207
4207 19
19 4043
4043 4599
4599 1328
1328 4499
4499 1222
1222 2950
2950 416
416 3332
3332 3144
3144 4178
4178 3681
3681 2335
2335 2344
2344 2407
2407 7219
7219 7163
7163 8168
8168 862
862 569
569 2034
2034 3232
3232 36
36 2834
2834 3537
3537 3559
3559 8072
8072 8138
8138 4470
4470 7967
7967 5121
5121 5170
5170 6425
6425 7691
7691 3803
3803 550
550 2108
2108 3600
3600 659
659 2179
2179 4098
4098 593
593 3440
3440 3336
3336 2421
2421 3400
3400 2225
2225 2224
2224 3718
3718 4101
4101 4147
4147 2471
2471 359
359 1002
1002 1954
1954 7952
7952 870
870 393
393 6760
6760 4878
4878 7003
7003 7706
7706 7491
7491 8050
8050 8029
8029 1933
1933 6375
6375 5410
5410 4666
4666 1487
1487 4423
4423 1032
1032 1132
1132 4369
4369 7594
7594 5064
5064 5937
5937 7196
7196 7779
7779 945
945 3513
3513 1908
1908 7783
7783 7900
7900 1093
1093 7269
7269 4605
4605 1186
1186 4344
4344 4582
4582 4196
4196 465
465 8272
8272 5760
5760 6959
6959 7652
7652 6299
6299 5278
5278 5824
5824 3564
3564 8122
8122 4497
4497 7018
7018 6993
6993 5745
5745 1821
1821 3834
3834 3996
3996 4127
4127 1228
1228 1268
1268 1135
1135 6248
6248 5880
5880 7108
7108 6766
6766 1524
1524 6145
6145 4926
4926 4750
4750 6725
6725 4742
4742 1038
1038 840
840 4240
4240 3319
3319 3865
3865 1450
1450 1422
1422 3847
3847 3274
3274 2290
2290 3607
3607 51
51 7919
7919 5167
5167 4748
4748 4743
4743 6047
6047 6404
6404 5428
5428 6356
6356 1733
1733 6435
6435 6503
6503 6038
6038 4696
4696 4674
4674 2004
2004 3616
3616 3352
3352 801
801 1928
1928 440
440 313
313 4255
4255 3283
3283 3182
3182 4015
4015 5094
5094 5842
5842 7904
7904 627
627 3699
3699 3771
3771 3722
3722 6947
6947 7013
7013 5355
5355 5684
5684 7852
7852 7227
7227 5883
5883 6665
6665 5668
5668 5153
5153 7279
7279 813
813 2508
2508 3903
3903 4849
4849 6597
6597 4686
4686 1250
1250 2199
2199 4018
4018 1412
1412 2203
2203 2340
2340 383
383 3705
3705 375
375 2670
2670 7877
7877 7417
7417 5746
5746 530
530 1350
1350 7205
7205 7255
7255 8188
8188 8273
8273 940
940 8242
8242 3173
3173 3367
3367 3561
3561 806
806 3540
3540 1927
1927 7702
7702 5692
5692 5263
5263 5007
5007 7084
7084 7233
7233 8224
8224 8266
8266 4188
4188 2494
2494 4326
4326 4922
4922 5436
5436 5442
5442 5850
5850 7232
7232 8037
8037 8174
8174 1575
1575 6921
6921 6902
6902 3817
3817 1528
1528 1205
1205 3994
3994 4354
4354 2293
2293 376
376 3533
3533 5510
5510 5504
5504 5463
5463 5841
5841 7194
7194 7213
7213 7930
7930 311
311 2359
2359 4237
4237 3438
3438 2416
2416 2957
2957 396
396 3478
3478 230
230 2895
2895 2637
2637 1343
1343 1749
1749 1764
1764 3679
3679 609
609 7553
7553 1712
1712 7471
7471 8020
8020 820
820 395
395 2473
2473 2393
2393 491
491 7834
7834 5752
5752 6668
6668 4905
4905 4481
4481 6747
6747 6903
6903 5767
5767 5944
5944 5271
5271 4973
4973 6163
6163 2636
2636 2909
2909 3218
3218 756
756 8249
8249 895
895 4264
4264 3186
3186 2892
2892 4197
4197 4261
4261 403
403 2131
2131 14
14 3682
3682 1817
1817 5174
5174 4656
4656 4802
4802 7056
7056 4000
4000 4181
4181 2658
2658 2767
2767 863
863 306
306 2442
2442 4439
4439 8157
8157 5392
5392 3772
3772 3725
3725 4099
4099 1602
1602 5648
5648 6458
6458 6334
6334 6346
6346 6353
6353 5081
5081 34
34 3660
3660 2648
2648 1306
1306 1331
1331 3066
3066 3379
3379 935
935 204
204 3703
3703 6960
6960 5270
5270 5240
5240 7118
7118 408
408 2469
2469 348
348 2823
2823 2297
2297 2946
2946 1546
1546 3842
3842 6887
6887 3780
3780 3106
3106 2280
2280 2945
2945 2862
2862 297
297 212
212 271
271 3309
3309 3003
3003 124
124 2454
2454 1980
1980 6905
6905 6937
6937 6468
6468 7346
7346 5845
5845 6321
6321 5595
5595 4992
4992 7077
7077 5990
5990 6508
6508 6519
6519 4829
4829 3855
3855 1317
1317 10
10 4266
4266 404
404 409
409 2750
2750 2552
2552 1216
1216 8021
8021 8194
8194 4274
4274 135
135 3939
3939 6129
6129 4295
4295 4004
4004 3659
3659 33
33 3342
3342 3474
3474 2820
2820 3278
3278 4271
4271 2889
2889 3271
3271 2864
2864 3322
3322 2263
2263 422
422 2812
2812 2788
2788 4347
4347 534
534 620
620 2069
2069 1101
1101 7263
7263 3353
3353 2287
2287 3706
3706 317
317 2330
2330 2392
2392 949
949 3468
3468 8023
8023 1040
1040 2565
2565 2874
2874 7808
7808 5806
5806 1844
1844 6962
6962 6932
6932 7097
7097 7700
7700 1730
1730 6079
6079 2120
2120 2914
2914 76
76 4139
4139 3653
3653 3083
3083 3100
3100 3758
3758 6809
6809 4122
4122 1419
1419 4504
4504 7974
7974 8008
8008 8281
8281 738
738 1642
1642 4620
4620 1577
1577 6844
6844 4694
4694 3732
3732 674
674 2129
2129 2831
2831 3124
3124 1438
1438 5251
5251 5037
5037 7301
7301 5829
5829 7325
7325 7520
7520 5233
5233 5183
5183 1662
1662 3837
3837 2102
2102 3541
3541 205
205 3105
3105 3611
3611 301
301 3382
3382 3129
3129 657
657 4765
4765 1544
1544 2186
2186 143
143 2968
2968 2432
2432 2866
2866 2835
2835 868
868 795
795 7941
7941 2058
2058 7793
7793 5934
5934 2007
2007 3645
3645 2119
2119 219
219 3076
3076 3401
3401 2008
2008 2111
2111 3120
3120 208
208 2625
2625 4310
4310 2671
2671 2771
2771 2079
2079 7742
7742 3889
3889 524
524 561
561 2245
2245 676
676 6751
6751 4755
4755 5650
5650 5089
5089 6367
6367 7999
7999 169
169 2465
2465 3408
3408 347
347 394
394 2381
2381 2398
2398 1391
1391 1423
1423 8201
8201 7407
7407 7564
7564 6660
6660 6306
6306 1434
1434 3850
3850 1139
1139 2551
2551 2559
2559 1609
1609 1700
1700 1732
1732 5293
5293 1409
1409 4843
4843 4877
4877 2482
2482 730
730 2686
2686 5488
5488 6194
6194 5210
5210 1176
1176 5297
5297 6886
6886 3858
3858 1400
1400 6061
6061 6744
6744 6110
6110 4770
4770 1297
1297 664
664 0
0 3731
3731 3913
3913 6813
6813 6070
6070 6520
6520 6094
6094 4866
4866 6602
6602 3797
3797 1275
1275 3158
3158 3387
3387 4267
4267 4227
4227 498
498 3873
3873 2246
2246 351
351 2275
2275 612
612 653
653 3697
3697 3693
3693 2324
2324 2233
2233 3253
3253 94
94 3662
3662 6044
6044 5664
5664 7538
7538 5282
5282 6439
6439 7330
7330 3702
3702 3045
3045 2250
2250 289
289 2060
2060 1964
1964 7110
7110 5795
5795 7811
7811 5472
5472 5024
5024 6638
6638 7072
7072 5555
5555 5289
5289 5221
5221 2911
2911 2880
2880 3522
3522 3520
3520 908
908 7881
7881 7370
7370 6933
6933 4715
4715 4868
4868 6542
6542 7964
7964 1076
1076 1953
1953 1955
1955 1192
1192 4557
4557 1506
1506 4896
4896 320
320 371
371 3325
3325 227
227 2254
2254 299
299 2
2 3162
3162 2369
2369 3378
3378 2809
2809 4299
4299 6732
6732 6837
6837 6934
6934 3813
3813 3651
3651 3211
3211 2887
2887 905
905 4370
4370 4823
4823 1226
1226 3183
3183 363
363 321
321 402
402 2289
2289 488
488 7802
7802 4113
4113 1537
1537 3767
3767 3043
3043 3101
3101 328
328 973
973 2623
2623 6770
6770 4512
4512 4549
4549 2591
2591 3203
3203 232
232 257
257 192
192 3515
3515 272
272 2346
2346 3339
3339 774
774 962
962 2971
2971 1210
1210 4833
4833 129
129 2925
2925 2130
2130 2205
2205 1299
1299 2934
2934 2447
2447 3341
3341 4551
4551 4768
4768 5477
5477 4972
4972 6081
6081 6624
6624 7724
7724 5548
5548 1674
1674 5660
5660 7129
7129 2855
2855 2378
2378 2956
2956 2325
2325 877
877 841
841 766
766 884
884 784
784 3492
3492 5902
5902 5303
5303 6864
6864 4722
4722 5991
5991 6016
6016 4740
4740 1706
1706 5158
5158 1754
1754 605
605 244
244 3118
3118 2068
2068 487
487 1181
1181 4547
4547 4733
4733 5301
5301 5290
5290 4981
4981 1184
1184 4839
4839 4466
4466 8140
8140 7991
7991 2735
2735 4510
4510 4918
4918 3949
3949 3936
3936 4037
4037 3951
3951 4852
4852 1340
1340 1794
1794 1832
1832 6970
6970 7798
7798 7734
7734 8161
8161 7307
7307 7969
7969 8163
8163 7970
7970 5465
5465 5584
5584 7604
7604 6339
6339 5077
5077 5879
5879 7131
7131 6699
6699 4533
4533 2675
2675 4412
4412 4367
4367 4038
4038 611
611 4253
4253 4387
4387 6543
6543 6327
6327 4358
4358 4338
4338 2522
2522 360
360 796
796 922
922 4289
4289 55
55 4106
4106 6884
6884 7442
7442 6979
6979 1858
1858 5651
5651 6126
6126 7096
7096 7413
7413 7517
7517 5578
5578 4749
4749 6050
6050 7024
7024 6599
6599 6598
6598 6511
6511 5497
5497 7575
7575 5318
5318 5026
5026 5220
5220 1735
1735 1692
1692 7524
7524 6570
6570 6020
6020 4837
4837 4895
4895 4884
4884 4989
4989 6304
6304 8005
8005 7973
7973 7308
7308 7387
7387 6791
6791 3948
3948 3957
3957 6114
6114 6523
6523 1125
1125 5586
5586 4445
4445 7983
7983 7712
7712 6432
6432 5832
5832 3835
3835 3746
3746 3629
3629 25
25 4150
4150 4058
4058 1791
1791 2315
2315 2896
2896 3140
3140 912
912 1224
1224 6645
6645 5298
5298 5342
5342 7619
7619 1162
1162 7602
7602 5223
5223 7608
7608 7694
7694 4614
4614 110
110 3414
3414 420
420 3656
3656 4165
4165 4148
4148 531
531 501
501 3735
3735 4009
4009 6769
6769 4890
4890 5384
5384 8027
8027 913
913 2487
2487 424
424 3428
3428 4897
4897 4812
4812 5907
5907 1167
1167 1057
1057 8099
8099 4747
4747 6073
6073 6521
6521 6106
6106 4774
4774 4418
4418 8132
8132 7959
7959 8135
8135 4965
4965 6250
6250 6413
6413 7853
7853 8022
8022 8061
8061 1951
1951 8112
8112 4371
4371 5393
5393 5082
5082 6238
6238 5642
5642 6426
6426 7324
7324 7164
7164 5439
5439 5661
5661 5962
5962 6336
6336 5969
5969 6049
6049 4350
4350 4263
4263 8210
8210 7903
7903 1813
1813 7381
7381 5726
5726 2064
2064 70
70 67
67 4011
4011 3160
3160 3613
3613 160
160 2830
2830 928
928 7992
7992 6389
6389 5320
5320 1771
1771 3498
3498 799
799 128
128 4348
4348 2638
2638 2659
2659 4158
4158 6271
6271 5462
5462 7987
7987 7989
7989 844
844 878
878 3282
3282 32
32 105
105 3225
3225 157
157 2816
2816 3527
3527 3566
3566 7981
7981 7312
7312 120
120 2439
2439 2818
2818 2814
2814 2104
2104 2101
2101 1690
1690 7838
7838 1799
1799 4155
4155 4242
4242 277
277 4615
4615 4461
4461 1143
1143 4917
4917 6033
6033 4786
4786 4847
4847 7090
7090 1689
1689 6973
6973 7739
7739 570
570 1781
1781 1364
1364 5762
5762 5753
5753 5160
5160 5662
5662 7795
7795 690
690 8105
8105 4388
4388 4478
4478 4479
4479 6648
6648 8154
8154 8002
8002 4396
4396 2419
2419 2443
2443 839
839 3199
3199 2981
2981 7457
7457 6927
6927 6988
6988 6326
6326 7285
7285 1920
1920 1110
1110 5414
5414 5085
5085 4993
4993 6613
6613 7004
7004 5098
5098 6655
6655 6663
6663 4628
4628 4646
4646 5152
5152 5203
5203 5205
5205 6312
6312 7343
7343 2721
2721 1031
1031 8067
8067 6237
6237 6264
6264 6702
6702 3840
3840 1654
1654 567
567 2081
2081 5749
5749 1373
1373 576
576 3738
3738 3805
3805 6489
6489 5380
5380 4406
4406 2573
2573 4134
4134 4482
4482 2497
2497 803
803 787
787 3204
3204 4232
4232 4212
4212 4339
4339 5971
5971 5362
5362 6444
6444 7689
7689 6360
6360 5518
5518 4087
4087 4007
4007 2537
2537 4608
4608 4441
4441 6518
6518 4923
4923 6042
6042 6381
6381 7140
7140 2053
2053 3769
3769 3252
3252 3262
3262 2040
2040 7193
7193 5929
5929 8035
8035 7978
7978 8012
8012 5450
5450 5274
5274 5199
5199 5655
5655 7089
7089 1573
1573 6004
6004 1134
1134 6595
6595 6994
6994 4983
4983 1666
1666 572
572 2338
2338 1825
1825 6980
6980 6876
6876 1761
1761 521
521 7436
7436 3824
3824 592
592 2016
2016 4288
4288 7976
7976 6534
6534 4834
4834 1333
1333 3747
3747 3691
3691 2073
2073 159
159 410
410 2843
2843 683
683 3176
3176 4283
4283 2982
2982 3250
3250 3968
3968 6728
6728 6056
6056 4735
4735 2375
2375 2276
2276 229
229 3388
3388 2356
2356 3806
3806 5125
5125 5145
5145 5198
5198 7797
7797 2412
2412 417
417 921
921 3200
3200 1467
1467 1476
1476 1545
1545 4652
4652 5277
5277 7020
7020 3791
3791 1426
1426 3753
3753 1289
1289 4714
4714 6855
6855 4618
4618 6631
6631 7639
7639 5115
5115 5878
5878 5159
5159 5148
5148 7961
7961 7476
7476 5163
5163 1857
1857 1744
1744 7928
7928 7787
7787 797
797 8243
8243 1042
1042 4491
4491 4435
4435 3472
3472 881
881 4238
4238 104
104 4303
4303 4385
4385 5348
5348 7709
7709 7703
7703 7600
7600 5063
5063 5068
5068 7252
7252 1095
1095 768
768 3449
3449 2746
2746 3391
3391 2510
2510 176
176 164
164 2867
2867 162
162 3000
3000 269
269 1992
1992 441
441 1975
1975 2987
2987 83
83 107
107 4152
4152 4430
4430 2651
2651 97
97 2986
2986 172
172 4062
4062 4153
4153 4173
4173 2303
2303 2260
2260 3358
3358 778
778 8082
8082 8079
8079 8200
8200 432
432 436
436 8038
8038 2600
2600 4404
4404 4814
4814 4320
4320 4705
4705 5635
5635 6141
6141 6662
6662 5135
5135 6395
6395 7320
7320 5699
5699 5149
5149 4642
4642 1779
1779 3859
3859 1439
1439 1301
1301 7212
7212 1841
1841 1808
1808 3796
3796 2328
2328 2223
2223 2227
2227 2446
2446 3437
3437 8250
8250 4528
4528 6151
6151 1965
1965 3302
3302 2783
2783 857
857 1051
1051 7940
7940 5671
5671 5200
5200 7660
7660 1535
1535 3867
3867 2180
2180 2187
2187 3026
3026 3017
3017 2549
2549 2545
2545 2433
2433 292
292 2789
2789 889
889 8238
8238 2329
2329 3413
3413 3364
3364 3685
3685 2021
2021 5686
5686 6291
6291 3733
3733 3762
3762 4259
4259 2877
2877 2282
2282 6755
6755 4634
4634 6617
6617 5689
5689 4474
4474 3925
3925 6010
6010 6036
6036 3280
3280 2865
2865 4252
4252 2680
2680 5379
5379 6486
6486 5001
5001 7174
7174 5939
5939 7138
7138 5710
5710 5677
5677 7578
7578 7717
7717 4856
4856 18
18 3234
3234 2963
2963 6889
6889 3879
3879 3745
3745 547
547 3599
3599 608
608 2902
2902 127
127 3208
3208 2869
2869 3299
3299 3335
3335 239
239 607
607 564
564 1324
1324 1498
1498 4655
4655 4643
4643 4502
4502 4508
4508 1136
1136 2568
2568 175
175 2948
2948 4270
4270 2174
2174 6270
6270 4817
4817 5985
5985 5621
5621 6427
6427 8244
8244 2455
2455 4250
4250 890
890 2768
2768 853
853 2462
2462 1897
1897 5882
5882 5893
5893 7866
7866 7803
7803 1372
1372 1429
1429 1326
1326 4091
4091 2234
2234 345
345 977
977 2240
2240 3038
3038 1321
1321 3742
3742 98
98 4210
4210 4332
4332 4522
4522 6544
6544 5509
5509 4640
4640 6896
6896 3680
3680 3087
3087 427
427 2420
2420 198
198 2361
2361 461
461 891
891 2385
2385 2264
2264 2162
2162 4698
4698 4948
4948 5623
5623 4864
4864 6040
6040 6720
6720 1772
1772 6885
6885 1533
1533 3988
3988 7947
7947 2496
2496 3483
3483 3471
3471 2769
2769 3327
3327 2983
2983 308
308 2584
2584 2582
2582 1221
1221 4336
4336 2662
2662 3663
3663 2472
2472 1949
1949 8051
8051 6159
6159 1121
1121 6525
6525 5980
5980 6552
6552 5513
5513 7344
7344 5374
5374 6479
6479 4994
4994 6991
6991 7028
7028 6989
6989 1369
1369 2249
2249 3368
3368 4243
4243 4194
4194 5502
5502 5419
5419 2641
2641 4208
4208 2848
2848 3042
3042 3094
3094 237
237 3340
3340 4968
4968 6205
6205 8245
8245 316
316 366
366 326
326 3620
3620 3627
3627 3044
3044 3570
3570 5685
5685 1315
1315 4214
4214 3308
3308 3348
3348 4562
4562 5452
5452 5953
5953 7375
7375 1802
1802 2259
2259 3304
3304 273
273 3605
3605 2873
2873 4260
4260 663
663 1645
1645 4647
4647 1599
1599 6976
6976 1867
1867 7126
7126 2460
2460 2766
2766 300
300 2403
2403 103
103 2713
2713 8199
8199 8271
8271 4454
4454 7977
7977 5372
5372 5071
5071 6436
6436 5693
5693 5536
5536 5407
5407 4676
4676 6900
6900 1427
1427 213
213 2404
2404 3500
3500 4222
4222 3768
3768 2124
2124 3109
3109 2221
2221 245
245 337
337 293
293 3523
3523 8208
8208 472
472 456
456 5229
5229 6003
6003 5062
5062 1048
1048 8185
8185 7792
7792 7814
7814 5207
5207 7580
7580 5214
5214 7490
7490 7487
7487 5164
5164 7424
7424 1811
1811 7430
7430 1414
1414 3790
3790 1798
1798 7092
7092 1854
1854 7391
7391 5701
5701 5047
5047 5102
5102 6328
6328 5327
5327 6497
6497 4996
4996 7357
7357 5294
5294 5854
5854 5444
5444 5476
5476 1122
1122 4530
4530 1147
1147 6148
6148 6043
6043 6144
6144 5974
5974 8152
8152 1915
1915 2405
2405 2323
2323 7421
7421 6968
6968 1404
1404 2114
2114 3582
3582 3587
3587 6580
6580 5527
5527 5239
5239 7720
7720 6938
6938 1684
1684 1838
1838 7001
7001 5500
5500 1183
1183 1207
1207 6063
6063 5640
5640 4659
4659 1585
1585 3739
3739 3655
3655 2138
2138 4186
4186 893
893 8282
8282 1071
1071 4480
4480 2606
2606 3194
3194 2856
2856 141
141 3675
3675 1271
1271 507
507 3093
3093 332
332 2483
2483 2548
2548 2500
2500 8222
8222 6184
6184 4432
4432 1556
1556 6107
6107 6101
6101 4085
4085 3439
3439 721
721 3569
3569 852
852 879
879 8046
8046 6160
6160 4507
4507 6012
6012 3726
3726 3146
3146 3241
3241 2665
2665 4312
4312 5004
5004 6627
6627 7682
7682 5932
5932 963
963 3452
3452 2091
2091 7832
7832 7145
7145 7280
7280 7533
7533 5040
5040 5435
5435 7241
7241 3549
3549 2408
2408 3343
3343 3314
3314 957
957 743
743 3456
3456 2425
2425 2975
2975 4564
4564 1196
1196 4323
4323 2161
2161 4040
4040 1293
1293 1298
1298 3737
3737 6985
6985 7385
7385 1884
1884 7007
7007 6750
6750 644
644 1277
1277 526
526 967
967 1013
1013 7211
7211 7805
7805 7468
7468 1812
1812 7181
7181 7949
7949 903
903 872
872 2436
2436 2555
2555 7984
7984 4801
4801 6064
6064 1302
1302 378
378 1906
1906 3511
3511 655
655 3845
3845 4443
4443 4417
4417 5459
5459 5464
5464 6058
6058 6514
6514 1788
1788 6957
6957 7402
7402 5959
5959 1380
1380 545
545 7459
7459 1382
1382 7447
7447 648
648 73
73 4612
4612 101
101 2211
2211 1777
1777 4102
4102 4075
4075 2621
2621 3018
3018 2427
2427 706
706 3573
3573 714
714 2755
2755 3370
3370 3240
3240 2837
2837 4193
4193 3354
3354 3360
3360 2216
2216 7936
7936 5311
5311 5222
5222 6906
6906 3888
3888 3642
3642 89
89 694
694 4405
4405 6172
6172 6548
6548 6550
6550 4621
4621 1672
1672 6874
6874 1230
1230 1338
1338 4103
4103 6763
6763 1606
1606 5368
5368 1158
1158 6225
6225 7980
7980 2991
2991 2535
2535 6219
6219 4464
4464 5489
5489 6127
6127 84
84 2156
2156 5336
5336 5043
5043 6532
6532 4966
4966 4124
4124 1332
1332 1265
1265 1432
1432 1242
1242 6851
6851 1592
1592 4681
4681 1637
1637 3776
3776 643
643 218
218 2312
2312 1211
1211 4825
4825 6054
6054 6757
6757 6136
6136 3915
3915 6788
6788 1435
1435 1453
1453 1792
1792 7251
7251 7264
7264 7892
7892 1085
1085 7173
7173 7697
7697 5607
5607 5981
5981 4752
4752 7100
7100 1701
1701 4687
4687 1431
1431 3095
3095 3228
3228 40
40 3164
3164 4532
4532 6262
6262 1127
1127 1109
1109 1087
1087 2529
2529 3242
3242 3324
3324 704
704 2933
2933 2688
2688 5471
5471 6162
6162 4792
4792 6487
6487 5989
5989 7408
7408 1895
1895 8202
8202 3670
3670 6897
6897 1757
1757 7616
7616 5324
5324 5075
5075 5479
5479 7962
7962 2784
2784 710
710 860
860 1012
1012 8197
8197 5728
5728 7316
7316 5483
5483 1141
1141 4586
4586 3657
3657 2936
2936 4246
4246 88
88 3507
3507 435
435 7898
7898 4104
4104 4125
4125 1396
1396 4088
4088 2640
2640 4757
4757 7071
7071 7713
7713 4042
4042 3761
3761 1631
1631 6847
6847 6111
6111 6726
6726 6419
6419 5422
5422 5308
5308 7351
7351 7226
7226 5919
5919 759
759 3463
3463 3279
3279 2633
2633 2624
2624 4343
4343 7046
7046 7086
7086 5968
5968 4597
4597 3256
3256 2863
2863 2786
2786 838
838 7282
7282 7399
7399 5161
5161 6447
6447 7481
7481 6990
6990 7670
7670 2045
2045 938
938 3362
3362 3229
3229 1006
1006 1088
1088 5892
5892 7274
7274 2037
2037 1987
1987 305
305 3161
3161 3729
3729 6800
6800 6860
6860 6594
6594 6231
6231 6222
6222 2726
2726 2532
2532 2993
2993 3350
3350 2005
2005 513
513 1236
1236 4590
4590 7673
7673 5594
5594 6838
6838 4691
4691 1344
1344 3138
3138 3156
3156 3647
3647 3421
3421 3171
3171 4609
4609 5620
5620 6585
6585 1881
1881 1687
1687 7556
7556 1650
1650 6901
6901 6831
6831 4855
4855 4355
4355 3954
3954 3882
3882 4624
4624 5078
5078 5307
5307 5426
5426 4798
4798 113
113 4172
4172 3652
3652 3609
3609 57
57 2106
2106 2252
2252 3185
3185 830
830 8284
8284 2484
2484 3012
3012 266
266 3065
3065 231
231 7786
7786 7737
7737 746
746 3297
3297 3133
3133 6139
6139 1801
1801 7239
7239 5849
5849 6512
6512 7030
7030 1468
1468 2354
2354 179
179 1990
1990 439
439 1685
1685 3854
3854 2208
2208 3711
3711 2125
2125 3071
3071 2109
2109 3159
3159 3909
3909 4762
4762 6821
6821 1336
1336 3787
3787 3793
3793 551
551 4201
4201 3151
3151 3212
3212 3517
3517 7200
7200 2031
2031 5718
5718 3811
3811 1486
1486 4307
4307 6605
6605 6017
6017 1500
1500 1762
1762 1346
1346 1902
1902 2756
2756 2512
2512 2595
2595 1519
1519 6207
6207 7988
7988 8015
8015 1096
1096 1018
1018 8257
8257 2547
2547 2653
2653 2628
2628 4034
4034 4090
4090 8241
8241 7917
7917 2043
2043 568
568 597
597 3799
3799 1683
1683 6481
6481 6418
6418 5657
5657 5171
5171 7502
7502 5060
5060 6826
6826 6931
6931 6870
6870 434
434 3539
3539 7865
7865 1111
1111 5371
5371 5506
5506 6179
6179 1145
1145 8114
8114 276
276 3315
3315 2504
2504 2690
2690 8115
8115 374
374 315
315 1243
1243 6946
6946 1618
1618 4625
4625 1570
1570 4164
4164 4156
4156 4052
4052 3816
3816 3815
3815 7631
7631 7577
7577 6265
6265 4874
4874 6789
6789 1180
1180 7710
7710 1610
1610 5776
5776 499
499 6112
6112 4821
4821 6335
6335 5025
5025 5011
5011 6362
6362 5433
5433 1043
1043 1931
1931 2084
2084 7733
7733 5736
5736 5030
5030 7508
7508 7242
7242 3525
3525 2523
2523 7265
7265 1926
1926 7115
7115 2679
2679 6394
6394 6358
6358 5514
5514 7293
7293 7510
7510 7693
7693 6620
6620 5859
5859 7124
7124 1725
1725 6734
6734 4781
4781 6103
6103 6754
6754 6583
6583 6071
6071 6482
6482 6840
6840 6964
6964 3788
3788 3782
3782 1367
1367 6849
6849 3904
3904 6039
6039 6045
6045 4392
4392 4790
4790 4745
4745 7041
7041 6382
6382 6257
6257 8153
8153 5072
5072 1175
1175 4731
4731 4939
4939 5632
5632 4477
4477 6527
6527 4375
4375 4420
4420 4476
4476 1128
1128 7335
7335 7636
7636 6294
6294 5097
5097 8170
8170 824
824 4382
4382 5612
5612 6616
6616 1576
1576 1203
1203 4057
4057 3942
3942 5644
5644 7692
7692 4921
4921 5976
5976 6166
6166 8017
8017 6538
6538 5988
5988 5561
5561 7008
7008 7544
7544 7747
7747 3505
3505 3489
3489 3544
3544 2417
2417 811
811 2388
2388 2389
2389 3337
3337 2941
2941 748
748 780
780 2849
2849 21
21 3644
3644 3233
3233 4200
4200 2265
2265 3311
3311 2256
2256 45
45 2358
2358 2468
2468 4248
4248 3528
3528 309
309 2217
2217 662
662 3631
3631 5191
5191 6293
6293 5243
5243 5051
5051 7498
7498 7450
7450 3751
3751 3991
3991 77
77 2147
2147 2153
2153 2440
2440 4251
4251 2664
2664 114
114 4168
4168 130
130 5853
5853 3531
3531 2536
2536 776
776 804
804 3470
3470 926
926 3201
3201 2829
2829 2944
2944 2752
2752 2990
2990 6200
6200 6839
6839 1664
1664 6558
6558 4661
4661 6822
6822 1479
1479 4285
4285 2531
2531 8269
8269 1068
1068 1073
1073 7878
7878 699
699 701
701 3579
3579 6888
6888 1420
1420 3667
3667 3894
3894 2629
2629 947
947 2089
2089 2054
2054 8206
8206 739
739 3237
3237 556
556 1286
1286 4951
4951 6403
6403 5817
5817 7122
7122 7897
7897 2741
2741 2564
2564 6
6 3025
3025 109
109 3130
3130 3168
3168 2852
2852 28
28 1797
1797 4645
4645 5528
5528 5709
5709 6253
6253 5383
5383 6401
6401 6501
6501 5092
5092 5611
5611 4471
4471 4523
4523 6400
6400 6641
6641 4535
4535 3921
3921 125
125 2649
2649 3908
3908 1551
1551 4170
4170 4055
4055 4070
4070 4021
4021 4540
4540 1284
1284 6936
6936 5722
5722 1860
1860 5957
5957 7144
7144 5840
5840 1947
1947 3462
3462 693
693 716
716 2740
2740 5480
5480 6247
6247 5627
5627 4710
4710 5649
5649 4516
4516 4421
4421 5397
5397 1702
1702 1856
1856 1623
1623 3800
3800 7562
7562 4076
4076 660
660 3798
3798 1864
1864 7368
7368 5326
5326 8039
8039 1078
1078 5885
5885 1715
1715 4690
4690 6871
6871 5302
5302 5048
5048 7536
7536 6338
6338 5438
5438 5702
5702 1649
1649 6768
6768 4128
4128 2198
2198 3041
3041 3674
3674 500
500 1273
1273 1349
1349 7201
7201 7152
7152 7419
7419 555
555 497
497 1924
1924 7104
7104 7332
7332 5300
5300 5023
5023 6633
6633 1559
1559 1773
1773 7831
7831 7485
7485 5226
5226 7933
7933 3450
3450 3482
3482 8189
8189 8057
8057 7996
7996 6397
6397 5083
5083 6449
6449 5253
5253 5284
5284 7015
7015 6939
6939 7598
7598 6644
6644 1851
1851 6971
6971 2092
2092 864
864 874
874 7912
7912 6331
6331 5653
5653 6584
6584 6586
6586 7074
7074 7058
7058 5014
5014 6078
6078 549
549 199
199 2791
2791 745
745 7914
7914 7235
7235 1107
1107 7125
7125 5656
5656 4769
4769 4046
4046 2191
2191 4322
4322 8003
8003 7990
7990 8131
8131 1934
1934 437
437 443
443 3479
3479 99
99 3072
3072 52
52 2899
2899 4132
4132 2642
2642 2613
2613 4524
4524 4887
4887 4558
4558 2962
2962 2828
2828 2802
2802 228
228 6877
6877 5156
5156 4638
4638 6571
6571 6700
6700 4809
4809 5447
5447 5703
5703 5789
5789 4401
4401 8148
8148 4569
4569 6131
6131 6115
6115 2172
2172 3121
3121 2336
2336 2074
2074 7443
7443 5770
5770 633
633 2952
2952 752
752 764
764 854
854 846
846 2173
2173 4176
4176 2197
2197 3640
3640 3036
3036 3625
3625 3588
3588 3052
3052 4262
4262 4268
4268 3221
3221 7322
7322 5855
5855 8096
8096 8118
8118 7117
7117 5714
5714 535
535 4072
4072 1255
1255 6808
6808 7527
7527 1737
1737 4678
4678 4689
4689 6865
6865 4865
4865 6567
6567 6779
6779 1643
1643 1785
1785 7767
7767 7918
7918 5796
5796 1682
1682 1698
1698 6717
6717 6600
6600 5018
5018 1049
1049 703
703 882
882 4453
4453 5076
5076 5808
5808 6682
6682 6407
6407 7587
7587 8097
8097 1102
1102 6928
6928 1681
1681 1704
1704 7570
7570 1686
1686 1740
1740 6478
6478 5269
5269 6593
6593 4707
4707 3985
3985 96
96 3165
3165 2183
2183 3999
3999 4017
4017 1564
1564 6483
6483 4793
4793 5538
5538 5440
5440 6232
6232 828
828 788
788 731
731 2708
2708 8090
8090 1129
1129 4410
4410 2611
2611 3010
3010 2431
2431 4398
4398 7105
7105 7176
7176 5828
5828 5552
5552 5819
5819 7136
7136 33168
