10 10
7.25969 27.782 -9.37461 -63.1377 -32.4843 -0.666318 -36.2911 -30.1979 -84.6521 -27.543
-27.0965 25.1139 206.714 -22.9945 16.6287 5.44361 258.821 -55.9492 -16.0854 -894.737
-20.9813 -43.8477 -78.4464 -3.1643 -131.95 81.3772 -238.483 -16.9702 1135 -5.68962
-71.8416 20.7421 -23.45 -540.451 47.0695 180.369 30.7496 -62.6093 19.7412 -28.7972
23.9622 205.975 -12.5956 19.7994 -28.5654 32.5037 -9.95193 -21.1086 -68.112 26.7372
12.3092 -50.0985 26.9744 176.219 -31.9698 -25.7269 3.76444 -70.0247 6.61425 31.5964
37.379 -139.654 -30.3314 -45.5774 -776.967 -9.74378 -59.4516 8.99716 12.7829 -61.8618
-67.4563 86.7734 -11.8998 -69.6741 31.9887 -38.2051 -20.1046 -24.7541 -21.7164 144.65
544.323 -41.6107 25.9407 21.169 275.705 -26.4933 -2.84214 5.00855 -2.89427 1.78366
-31.8681 48.3324 9.34135 -11.9308 -12.5774 -54.1151 1.05292 -23.0155 32.5002 -13.4051
