NP: 16
BlockSize: 2
amountBlocks: 16
AShifted: 
65 66 67 68 69 70 71 72 
10 11 12 13 12 15 16 73 
19 20 21 22 23 24 17 18 
28 29 30 31 32 25 26 27 
37 38 39 40 33 34 35 36 
46 47 48 41 42 43 44 45 
55 56 49 50 51 52 53 54 
64 57 58 59 60 61 62 63 

BShifted: 
65 10 19 28 37 46 55 64 
73 18 27 36 45 54 63 72 
17 26 35 44 53 62 71 16 
25 34 43 52 61 70 15 24 
33 42 51 60 69 12 23 32 
41 50 59 68 13 22 31 40 
49 58 67 12 21 30 39 48 
57 66 11 20 29 38 47 56 
Block C before multAdd
0 0 
0 0 
I multiplied a*b=c 
BlockA
69 70 
12 15 
BlockB
37 46 
45 54 
BlockC
5703 6954 
1119 1362 
RowDest: 1 , row from: 3
colDest: 3 , row from: 1
Block C before multAdd
5703 6954 
1119 1362 
I multiplied a*b=c 
BlockA
71 72 
16 73 
BlockB
53 62 
61 70 
BlockC
13858 16396 
6420 7464 
RowDest: 1 , row from: 3
colDest: 3 , row from: 1
Block C before multAdd
13858 16396 
6420 7464 
I multiplied a*b=c 
BlockA
65 66 
10 11 
BlockB
69 12 
13 22 
BlockC
19201 18628 
7253 7826 
RowDest: 1 , row from: 3
colDest: 3 , row from: 1
Block C before multAdd
19201 18628 
7253 7826 
I multiplied a*b=c 
BlockA
67 68 
12 13 
BlockB
21 30 
29 38 
BlockC
22580 23222 
7882 8680 
RowDest: 1 , row from: 3
colDest: 3 , row from: 1
24612 21160 21484 22256 22580 23222 23676 24448 
7938 8052 7558 8376 7882 8680 8206 9024 
7332 6568 6508 6896 6836 7190 7164 7552 
10116 8776 8844 9232 9300 9636 9756 10144 
13092 11432 11500 12016 12084 12534 12668 13184 
15876 13640 13836 14352 14548 14980 15260 15776 
18852 16296 16492 17136 17332 17878 18172 18816 
21636 18504 18828 19472 19796 20324 20764 21408 
