10 10
12433 3.19889e+06 4884.14 7404.15 -13194.6 -16387 -1.27625e+06 3474.37 -2814.41 4685.38
23092.2 463118 -2003.66 4264.23 -21152.6 10906.1 -177421 -17326.3 -55335.1 36660.4
-3097.27 1.06441e+06 -335.592 -30019.4 153683 -70382.4 -448079 46924.2 43525.6 -80440.9
-1.12476e+06 297620 -2.77934e+06 -96250 -3.10668e+06 -834073 1.62921e+06 -2.35869e+06 164763 1.24484e+06
-26240.3 959792 54464.2 18423.5 -17568.6 214479 -359715 42831.1 -36260.3 -34396.1
-21836.5 260029 -2184.24 -7098.86 30845.9 2058.47 -111127 -1049.7 -4285.79 -19610.2
10533.7 1.37706e+06 9875.22 15113.5 28555.3 -4004.77 -516433 6150.21 -11815.8 5059.78
54667.2 -981962 39363.4 22198.5 13068.6 -18893.5 459499 24965.9 504080 -75146
-11829.9 1.19984e+06 -246.174 909.573 23046.2 -6089.19 -527182 39801.1 2081.24 -58996.9
13886.4 847397 426.305 5985.03 -27155.1 24802.5 -340409 7839.75 50020.6 -4458.14
